140	1737	1
789	1589	1
53	368	1
89	1171	1
342	1851	1
680	23	1
95	1001	1
174	1028	1
712	1851	1
72	1380	1
280	566	1
617	939	1
672	1801	1
717	2045	1
794	705	1
280	1215	1
578	1210	1
179	843	1
104	30	1
85	1845	1
153	1321	1
342	23	1
774	1722	1
94	1028	1
712	275	1
102	942	1
773	1388	1
271	615	1
774	763	1
578	1137	1
316	1893	1
476	1465	1
55	1020	1
739	395	1
814	1265	1
765	739	1
17	739	1
208	1761	1
789	1604	1
753	60	1
327	1139	1
61	978	1
590	1853	1
780	273	1
726	64	1
222	329	1
672	2079	1
717	1922	1
20	1536	1
544	1959	1
132	996	1
208	1147	1
353	57	1
637	1001	1
767	496	1
342	1801	1
617	1000	1
353	837	1
709	745	1
392	585	1
676	1263	1
672	692	1
672	906	1
585	976	1
576	224	1
807	751	1
574	322	1
740	1620	1
72	1642	1
772	261	1
263	1758	1
550	1812	1
765	1599	1
374	264	1
56	1335	1
688	27	1
466	1163	1
351	428	1
496	1247	1
256	958	1
544	1852	1
277	679	1
659	1159	1
210	1212	1
222	2008	1
121	700	1
208	1420	1
717	1667	1
680	185	1
783	197	1
747	839	1
765	64	1
342	1725	1
222	1422	1
774	2063	1
723	1862	1
104	767	1
525	600	1
262	658	1
271	275	1
145	1752	1
309	1788	1
271	1458	1
362	1501	1
774	917	1
815	1782	1
692	808	1
446	1243	1
712	1151	1
126	2002	1
364	415	1
680	1599	1
414	582	1
266	867	1
677	2065	1
501	20	1
418	1389	1
98	1794	1
280	867	1
494	578	1
701	337	1
54	296	1
765	237	1
312	1974	1
591	253	1
773	1064	1
801	637	1
260	1871	1
494	1621	1
143	1335	1
765	1288	1
439	1380	1
628	1875	1
446	2062	1
342	50	1
446	455	1
466	400	1
353	1779	1
628	1851	1
696	1353	1
518	806	1
195	1792	1
609	919	1
271	920	1
120	1265	1
808	1620	1
148	126	1
470	1211	1
179	1880	1
494	1472	1
441	1311	1
488	1878	1
617	1570	1
15	870	1
140	1540	1
185	978	1
701	1584	1
762	840	1
335	459	1
628	275	1
441	1061	1
427	1887	1
645	55	1
491	230	1
446	338	1
564	605	1
692	468	1
149	234	1
645	1130	1
594	1348	1
345	496	1
582	210	1
104	791	1
397	1633	1
420	1211	1
8	1551	1
158	1380	1
285	850	1
476	1643	1
692	245	1
595	1147	1
143	245	1
187	2047	1
397	1584	1
494	1725	1
726	1782	1
220	1122	1
393	125	1
694	136	1
86	49	1
285	1211	1
706	755	1
208	1517	1
695	93	1
140	1616	1
595	809	1
216	593	1
518	1086	1
533	1899	1
812	683	1
432	417	1
756	1517	1
273	391	1
33	395	1
219	75	1
356	64	1
434	1333	1
271	809	1
446	748	1
147	1947	1
66	1068	1
285	1951	1
599	978	1
608	273	1
140	444	1
325	978	1
494	329	1
414	881	1
694	2030	1
1	1204	1
694	625	1
622	1284	1
87	614	1
670	713	1
271	735	1
672	668	1
19	1440	1
73	351	1
808	981	1
185	261	1
72	1643	1
334	311	1
726	1388	1
812	774	1
237	1724	1
120	597	1
88	963	1
783	968	1
769	417	1
242	1621	1
630	32	1
188	415	1
787	461	1
219	1223	1
456	1411	1
112	454	1
554	2046	1
550	391	1
491	1544	1
783	221	1
325	923	1
126	257	1
751	507	1
694	546	1
271	73	1
731	1006	1
814	1373	1
676	328	1
691	874	1
788	1579	1
572	701	1
693	1796	1
45	596	1
494	1572	1
327	906	1
124	1916	1
337	496	1
694	538	1
327	444	1
756	1562	1
671	608	1
808	185	1
701	670	1
609	1239	1
446	598	1
72	837	1
658	1215	1
323	1293	1
578	1547	1
392	546	1
271	1646	1
165	1920	1
416	1001	1
342	98	1
179	643	1
814	2108	1
19	181	1
98	23	1
3	321	1
701	713	1
514	20	1
807	1043	1
96	1144	1
553	1920	1
801	598	1
152	105	1
392	1700	1
256	1866	1
335	698	1
335	734	1
672	989	1
402	956	1
578	2106	1
524	261	1
8	71	1
204	1046	1
263	43	1
312	50	1
815	856	1
418	1573	1
296	496	1
170	1061	1
61	496	1
334	197	1
774	799	1
271	1102	1
491	1689	1
814	1650	1
814	346	1
476	1126	1
179	1898	1
801	592	1
323	1643	1
518	1164	1
808	809	1
659	59	1
717	1952	1
539	1021	1
271	582	1
446	106	1
812	2114	1
397	789	1
574	1353	1
208	33	1
694	1805	1
432	2031	1
56	1528	1
414	192	1
658	1549	1
694	1187	1
170	1720	1
259	64	1
788	484	1
787	523	1
473	1793	1
636	1782	1
60	679	1
256	64	1
376	528	1
680	197	1
271	529	1
45	582	1
764	878	1
45	442	1
8	12	1
612	261	1
469	755	1
312	311	1
428	1679	1
266	1000	1
491	1398	1
217	1188	1
390	658	1
259	705	1
755	1568	1
460	1281	1
628	870	1
164	1620	1
819	580	1
597	2011	1
45	332	1
45	715	1
712	1031	1
81	874	1
470	1125	1
532	13	1
516	1620	1
765	761	1
3	1895	1
309	363	1
124	767	1
680	595	1
54	1025	1
2	1149	1
747	1342	1
98	1646	1
478	1608	1
108	1390	1
757	1059	1
217	1128	1
595	934	1
574	953	1
121	613	1
578	1880	1
765	971	1
45	1655	1
808	934	1
765	1462	1
705	1920	1
432	1550	1
578	855	1
794	505	1
285	559	1
446	1671	1
446	1136	1
168	948	1
578	667	1
466	638	1
456	349	1
574	242	1
60	658	1
271	1274	1
258	640	1
524	1517	1
446	82	1
476	1045	1
694	1779	1
106	817	1
730	1512	1
560	866	1
672	1599	1
312	881	1
543	662	1
595	878	1
578	341	1
140	389	1
773	824	1
773	1784	1
694	1757	1
476	928	1
636	826	1
342	1719	1
672	390	1
98	1460	1
648	564	1
672	601	1
645	1799	1
20	492	1
222	1933	1
812	622	1
543	1342	1
144	156	1
494	1690	1
208	2063	1
720	574	1
401	261	1
392	306	1
494	1314	1
179	2045	1
788	765	1
774	1793	1
56	1543	1
787	546	1
312	1274	1
249	567	1
729	660	1
388	1598	1
143	698	1
535	544	1
136	750	1
382	591	1
280	1776	1
574	296	1
578	1986	1
550	2049	1
8	1239	1
696	1920	1
222	1977	1
271	521	1
494	1975	1
636	464	1
140	1132	1
98	981	1
312	143	1
489	222	1
342	1066	1
629	725	1
118	296	1
817	261	1
19	89	1
712	809	1
158	28	1
188	503	1
558	1781	1
721	842	1
585	142	1
567	1620	1
392	132	1
342	1875	1
181	1954	1
124	1085	1
271	1795	1
121	1206	1
446	631	1
465	349	1
774	545	1
325	34	1
57	444	1
648	484	1
179	2020	1
300	210	1
170	1494	1
309	1522	1
334	2068	1
491	541	1
674	658	1
414	197	1
12	1293	1
104	1937	1
222	2103	1
738	1699	1
809	210	1
179	307	1
98	1982	1
164	679	1
673	261	1
200	597	1
280	2011	1
750	2058	1
81	1869	1
524	1204	1
476	1895	1
91	338	1
243	283	1
256	1479	1
476	532	1
765	143	1
578	1817	1
79	1517	1
808	50	1
45	1411	1
765	1801	1
256	2103	1
136	2102	1
280	735	1
121	1115	1
392	1567	1
795	679	1
726	826	1
774	759	1
617	639	1
784	1889	1
356	1864	1
636	229	1
168	1417	1
617	1705	1
147	959	1
712	981	1
547	210	1
446	871	1
493	7	1
578	648	1
249	1869	1
645	1394	1
222	336	1
281	1606	1
745	874	1
414	442	1
574	249	1
366	182	1
550	630	1
432	541	1
494	270	1
220	20	1
665	1845	1
783	2075	1
680	582	1
617	342	1
353	136	1
476	21	1
628	1031	1
392	1187	1
706	875	1
48	679	1
222	1656	1
727	1792	1
796	574	1
529	261	1
814	1875	1
539	1817	1
104	705	1
742	1797	1
694	1643	1
668	662	1
312	1801	1
279	1824	1
428	1513	1
787	57	1
672	181	1
781	1061	1
208	525	1
179	1409	1
574	2047	1
98	2090	1
208	881	1
680	764	1
574	708	1
689	1826	1
347	1327	1
694	1929	1
771	290	1
672	686	1
672	711	1
121	1848	1
254	2047	1
334	143	1
590	167	1
65	364	1
773	1574	1
87	144	1
818	1853	1
104	234	1
658	948	1
645	1886	1
726	1476	1
309	1955	1
765	934	1
489	708	1
335	1809	1
494	2033	1
491	1000	1
81	708	1
446	1515	1
156	493	1
140	974	1
240	1326	1
147	1292	1
55	1895	1
578	1042	1
392	1364	1
672	739	1
553	615	1
781	54	1
45	1139	1
280	1317	1
140	1154	1
397	434	1
3	1642	1
514	2103	1
597	1776	1
497	1784	1
574	1931	1
633	1671	1
773	102	1
773	1937	1
249	1258	1
55	1785	1
57	1517	1
312	720	1
698	2046	1
666	1010	1
281	1997	1
147	833	1
121	1750	1
476	915	1
774	789	1
694	1364	1
774	737	1
628	1288	1
8	712	1
672	1593	1
372	1255	1
167	916	1
646	210	1
219	1813	1
403	1716	1
801	758	1
414	655	1
210	625	1
393	963	1
574	474	1
765	955	1
317	545	1
312	1851	1
735	261	1
271	1733	1
794	283	1
414	393	1
222	625	1
220	1269	1
574	1339	1
550	1975	1
446	1327	1
55	1720	1
56	94	1
441	1824	1
312	1151	1
91	758	1
353	885	1
55	306	1
608	1345	1
628	881	1
97	210	1
124	1391	1
609	1164	1
168	269	1
757	493	1
446	637	1
571	356	1
12	1757	1
72	1020	1
72	1615	1
503	1327	1
580	496	1
726	807	1
497	86	1
8	1057	1
366	87	1
393	567	1
323	873	1
263	296	1
774	1003	1
489	253	1
45	143	1
457	786	1
783	1320	1
676	1743	1
432	1985	1
491	398	1
59	758	1
672	98	1
432	255	1
101	726	1
807	693	1
55	326	1
104	452	1
742	1908	1
574	1184	1
121	542	1
135	597	1
87	401	1
706	828	1
140	548	1
694	179	1
444	253	1
61	1204	1
550	1002	1
574	1274	1
353	105	1
487	698	1
544	494	1
808	442	1
632	1620	1
773	386	1
798	1353	1
72	513	1
296	1205	1
37	1101	1
323	585	1
808	304	1
140	1302	1
312	1573	1
222	22	1
287	1481	1
653	679	1
140	1341	1
429	1094	1
712	39	1
230	735	1
170	1642	1
255	978	1
217	1135	1
49	898	1
233	1796	1
168	1958	1
285	421	1
168	1868	1
179	394	1
820	768	1
670	20	1
712	735	1
12	1976	1
360	261	1
243	758	1
644	1887	1
709	1883	1
418	1503	1
518	1108	1
753	538	1
134	787	1
220	1352	1
98	143	1
729	457	1
140	582	1
222	523	1
726	338	1
578	126	1
397	515	1
760	1610	1
140	1794	1
494	1895	1
143	1231	1
256	1895	1
765	169	1
807	496	1
808	582	1
323	1359	1
494	1643	1
225	978	1
397	1552	1
432	1124	1
418	1624	1
789	988	1
367	1918	1
121	1913	1
309	886	1
309	1633	1
375	1360	1
3	1805	1
494	1273	1
158	1688	1
574	596	1
694	1045	1
658	758	1
763	1478	1
331	1345	1
712	649	1
494	1212	1
489	887	1
585	1122	1
747	1474	1
81	669	1
726	488	1
331	213	1
20	1882	1
762	1007	1
121	123	1
88	1444	1
168	1348	1
476	560	1
207	496	1
814	468	1
464	1257	1
140	1184	1
591	592	1
360	496	1
237	313	1
717	282	1
98	624	1
441	1259	1
334	1106	1
100	870	1
342	1646	1
168	1413	1
814	1689	1
366	1935	1
309	670	1
424	395	1
491	1755	1
508	1617	1
54	878	1
20	176	1
104	1310	1
15	301	1
497	83	1
174	651	1
170	461	1
446	617	1
382	706	1
574	389	1
147	1071	1
221	496	1
87	917	1
566	479	1
122	210	1
774	614	1
791	1353	1
773	886	1
323	560	1
104	445	1
662	1379	1
812	1955	1
323	1286	1
736	2012	1
806	1311	1
106	1929	1
432	261	1
222	1743	1
737	900	1
594	1267	1
814	751	1
595	2083	1
143	822	1
56	929	1
391	767	1
788	1161	1
701	882	1
677	1959	1
3	20	1
287	592	1
787	1286	1
199	210	1
578	833	1
98	1852	1
745	1598	1
409	1809	1
583	1633	1
33	1699	1
87	1122	1
773	1816	1
271	1640	1
723	1183	1
418	1963	1
613	88	1
540	210	1
208	697	1
476	1929	1
443	582	1
271	39	1
339	2058	1
712	2068	1
706	2103	1
574	555	1
170	1485	1
476	575	1
315	574	1
717	205	1
222	1564	1
119	1625	1
757	866	1
312	1628	1
81	1215	1
342	1411	1
20	20	1
470	507	1
312	1031	1
309	402	1
447	1869	1
773	1609	1
115	1707	1
201	954	1
140	2083	1
476	1076	1
491	1328	1
497	13	1
271	1807	1
259	505	1
677	629	1
397	1113	1
578	428	1
769	781	1
168	1360	1
98	564	1
104	83	1
350	978	1
514	105	1
210	1402	1
765	116	1
280	1205	1
494	1933	1
147	1240	1
491	36	1
179	315	1
84	1517	1
390	1853	1
8	1258	1
106	820	1
54	1030	1
105	1620	1
106	1061	1
327	1875	1
642	370	1
529	496	1
124	1609	1
574	1893	1
672	1303	1
115	1291	1
658	2073	1
814	224	1
323	60	1
709	30	1
686	510	1
268	49	1
312	564	1
494	1367	1
577	1414	1
140	156	1
574	783	1
75	1609	1
208	1403	1
217	1376	1
98	1031	1
210	1933	1
447	874	1
753	1165	1
680	127	1
238	415	1
628	128	1
750	914	1
492	338	1
222	1046	1
60	1006	1
259	1781	1
414	801	1
52	1918	1
491	1262	1
356	1388	1
578	591	1
353	692	1
222	1700	1
550	1573	1
19	1060	1
108	1044	1
294	507	1
491	1889	1
261	982	1
256	670	1
437	958	1
774	882	1
476	1358	1
312	699	1
392	1806	1
726	1986	1
280	696	1
441	1360	1
613	573	1
294	2036	1
634	224	1
494	1048	1
8	177	1
342	649	1
814	1709	1
753	404	1
104	1597	1
561	1671	1
636	807	1
496	178	1
382	1325	1
476	1900	1
312	1244	1
82	1883	1
518	117	1
574	172	1
323	1111	1
578	545	1
701	1193	1
636	774	1
210	132	1
787	403	1
98	809	1
210	467	1
446	533	1
310	411	1
179	811	1
794	732	1
179	426	1
215	592	1
72	1622	1
316	1517	1
765	1737	1
140	2079	1
729	1096	1
778	1079	1
525	618	1
682	93	1
309	1240	1
553	1620	1
494	14	1
25	564	1
432	1889	1
54	1604	1
78	1620	1
672	894	1
149	1487	1
342	2105	1
222	868	1
140	157	1
397	1653	1
765	881	1
665	528	1
467	1691	1
617	1124	1
222	321	1
510	1001	1
714	1350	1
110	669	1
323	992	1
690	373	1
666	2009	1
12	1814	1
98	39	1
621	1608	1
469	391	1
121	2011	1
356	978	1
3	1622	1
650	457	1
140	1411	1
807	1960	1
680	803	1
787	1364	1
236	2065	1
179	994	1
3	1061	1
550	430	1
328	1096	1
45	1737	1
773	499	1
297	567	1
638	2058	1
807	899	1
375	1350	1
266	735	1
550	71	1
483	13	1
210	2038	1
108	2095	1
491	169	1
794	938	1
12	60	1
168	592	1
659	669	1
256	659	1
87	833	1
666	1480	1
19	2005	1
441	1164	1
271	474	1
765	686	1
756	261	1
362	261	1
271	376	1
677	1796	1
5	109	1
476	992	1
717	1980	1
118	914	1
672	981	1
98	1819	1
181	1511	1
636	962	1
72	218	1
783	459	1
726	1122	1
597	1465	1
524	20	1
628	551	1
758	1618	1
800	47	1
57	1769	1
578	2014	1
590	1708	1
742	1736	1
3	1517	1
88	63	1
680	1066	1
658	2074	1
8	1893	1
595	1420	1
147	1001	1
628	393	1
578	445	1
766	1334	1
672	1274	1
470	1096	1
224	372	1
246	1501	1
446	1928	1
222	1367	1
636	1584	1
726	8	1
518	555	1
639	20	1
8	1230	1
441	1046	1
104	807	1
271	1537	1
124	234	1
161	1716	1
476	1518	1
149	621	1
520	750	1
794	30	1
709	1574	1
439	1671	1
814	1832	1
574	514	1
266	349	1
309	1671	1
550	712	1
79	1132	1
193	735	1
547	257	1
286	642	1
312	1624	1
376	1823	1
697	475	1
271	1747	1
738	1610	1
57	2076	1
765	1274	1
574	1654	1
54	954	1
553	1708	1
316	20	1
255	261	1
147	1626	1
808	416	1
8	1156	1
327	1171	1
595	984	1
236	1796	1
208	137	1
327	496	1
717	1064	1
708	2046	1
210	1754	1
591	1006	1
773	151	1
476	1693	1
414	196	1
284	1668	1
309	1003	1
156	1058	1
586	597	1
140	934	1
578	557	1
210	844	1
441	755	1
444	222	1
325	500	1
603	631	1
323	57	1
323	1314	1
476	1286	1
421	1853	1
353	1048	1
794	748	1
84	1706	1
437	140	1
108	19	1
741	47	1
388	1100	1
77	338	1
335	545	1
491	1790	1
140	801	1
334	1737	1
594	1871	1
680	715	1
191	679	1
815	1883	1
382	1078	1
443	801	1
814	1204	1
672	311	1
476	292	1
57	20	1
3	1643	1
672	653	1
494	768	1
147	866	1
553	679	1
207	167	1
736	111	1
288	874	1
446	1659	1
476	1418	1
334	2090	1
628	304	1
578	530	1
514	755	1
432	1398	1
500	937	1
405	978	1
342	624	1
312	1879	1
812	1054	1
476	37	1
136	201	1
773	1746	1
305	1312	1
574	222	1
784	1963	1
222	358	1
781	136	1
630	457	1
110	567	1
72	805	1
143	1463	1
476	1497	1
721	1360	1
487	896	1
573	691	1
282	1184	1
794	1633	1
250	496	1
201	1030	1
405	496	1
54	1590	1
392	1815	1
197	592	1
210	1271	1
414	859	1
628	332	1
397	791	1
658	1109	1
774	861	1
753	1102	1
234	1013	1
580	978	1
266	476	1
256	210	1
210	868	1
296	1892	1
126	32	1
256	279	1
476	2099	1
366	678	1
312	628	1
51	15	1
121	1702	1
151	1792	1
529	978	1
747	596	1
335	522	1
712	304	1
645	1532	1
494	358	1
801	1496	1
494	585	1
595	558	1
167	1804	1
574	1474	1
168	93	1
683	1312	1
578	730	1
645	1961	1
179	378	1
3	538	1
814	1170	1
593	1608	1
446	1523	1
121	1296	1
87	670	1
812	1490	1
222	1244	1
756	429	1
754	370	1
587	592	1
207	210	1
701	64	1
457	444	1
244	658	1
574	1342	1
233	2021	1
136	1433	1
508	142	1
550	565	1
633	849	1
765	1055	1
595	1462	1
680	1851	1
432	1570	1
284	349	1
222	1402	1
680	412	1
168	1549	1
418	1036	1
441	397	1
397	1256	1
439	817	1
726	680	1
179	1838	1
424	1610	1
140	311	1
633	370	1
573	828	1
645	1326	1
329	1291	1
81	1871	1
680	1875	1
217	172	1
168	1330	1
98	711	1
503	1267	1
574	793	1
170	358	1
256	8	1
300	660	1
195	1360	1
683	1291	1
680	1288	1
446	1189	1
694	1529	1
12	1700	1
777	415	1
210	1629	1
752	1792	1
121	457	1
280	832	1
789	1025	1
726	833	1
788	2004	1
373	969	1
208	1164	1
217	692	1
680	311	1
672	955	1
773	308	1
98	50	1
765	705	1
497	774	1
121	931	1
182	1255	1
717	31	1
84	142	1
98	1517	1
686	474	1
494	1995	1
519	420	1
736	34	1
617	346	1
121	658	1
540	1853	1
140	657	1
170	1814	1
271	801	1
334	564	1
98	739	1
753	1720	1
765	749	1
476	1872	1
680	1655	1
765	757	1
287	93	1
104	729	1
567	679	1
491	1051	1
650	1587	1
510	726	1
787	944	1
735	978	1
414	143	1
764	34	1
569	1360	1
168	1086	1
616	1096	1
687	1581	1
464	827	1
272	2047	1
747	876	1
659	1417	1
10	1517	1
301	1485	1
765	1355	1
812	1028	1
220	789	1
597	1485	1
441	1271	1
353	1877	1
774	577	1
140	1523	1
597	968	1
347	963	1
672	803	1
125	2047	1
572	234	1
334	582	1
91	631	1
595	739	1
719	858	1
140	1274	1
329	100	1
710	283	1
168	1792	1
680	1982	1
3	1402	1
393	874	1
645	1935	1
40	395	1
54	80	1
494	664	1
412	1006	1
726	618	1
25	1139	1
773	1639	1
222	1562	1
597	331	1
251	658	1
740	1920	1
508	958	1
342	1415	1
456	161	1
704	1621	1
309	428	1
666	643	1
550	2022	1
543	1970	1
77	283	1
88	1348	1
147	1310	1
622	599	1
578	738	1
476	1762	1
789	493	1
335	1432	1
739	1333	1
609	1817	1
574	181	1
574	71	1
758	1538	1
562	1092	1
256	395	1
208	1527	1
596	637	1
773	607	1
230	468	1
699	1920	1
659	385	1
676	1720	1
476	973	1
617	161	1
54	435	1
235	261	1
256	1567	1
325	391	1
726	1722	1
672	1457	1
437	1610	1
47	72	1
256	1855	1
476	60	1
208	671	1
313	1959	1
72	2061	1
414	2105	1
774	1	1
382	1781	1
659	178	1
750	1265	1
503	956	1
51	1621	1
794	2047	1
550	1974	1
773	452	1
98	2075	1
18	1920	1
706	1636	1
726	1684	1
712	1498	1
574	1139	1
416	370	1
574	1924	1
139	1427	1
12	664	1
487	220	1
512	468	1
259	8	1
353	805	1
712	1446	1
601	395	1
525	1722	1
414	1537	1
210	328	1
55	524	1
36	1823	1
765	2083	1
494	1805	1
812	260	1
104	1210	1
23	758	1
251	210	1
147	705	1
765	1719	1
672	1151	1
329	1871	1
787	1743	1
92	745	1
197	1413	1
418	22	1
527	77	1
64	1423	1
544	2075	1
503	963	1
167	512	1
138	2111	1
717	1742	1
773	654	1
801	283	1
208	589	1
109	1621	1
476	1976	1
271	984	1
318	758	1
726	452	1
628	521	1
280	1022	1
553	1046	1
623	1517	1
595	20	1
765	1449	1
689	2086	1
765	1151	1
397	2082	1
470	804	1
608	2097	1
672	881	1
61	261	1
131	1608	1
794	726	1
628	442	1
550	1959	1
650	1315	1
418	1176	1
645	345	1
747	712	1
140	1819	1
773	861	1
773	402	1
325	1583	1
747	842	1
33	420	1
574	1613	1
578	223	1
147	509	1
210	54	1
594	1327	1
672	1793	1
747	445	1
664	1586	1
382	1122	1
279	1968	1
399	866	1
170	1785	1
773	540	1
170	1175	1
726	30	1
323	944	1
212	261	1
104	1449	1
179	110	1
528	1919	1
801	596	1
672	1725	1
712	739	1
578	619	1
416	422	1
433	356	1
620	84	1
418	691	1
441	1984	1
443	311	1
494	62	1
765	1415	1
416	591	1
591	1353	1
694	1900	1
674	608	1
497	1426	1
378	942	1
222	1380	1
787	2084	1
727	1360	1
729	380	1
79	1562	1
428	1556	1
271	764	1
398	1621	1
476	36	1
222	1573	1
446	1945	1
112	874	1
666	1117	1
805	126	1
814	1411	1
379	1918	1
380	274	1
147	30	1
578	303	1
271	1521	1
724	679	1
104	308	1
504	2047	1
293	1882	1
807	804	1
544	1968	1
658	1515	1
382	724	1
437	923	1
220	1137	1
572	16	1
471	281	1
208	1257	1
503	1871	1
309	144	1
514	391	1
366	1484	1
271	1411	1
680	1462	1
210	1900	1
254	283	1
760	1333	1
48	1620	1
256	1494	1
626	338	1
773	1221	1
222	2084	1
323	321	1
765	1056	1
278	222	1
255	496	1
550	1389	1
210	820	1
522	1698	1
609	283	1
446	1248	1
510	1240	1
648	1060	1
712	81	1
787	943	1
774	279	1
271	1536	1
628	1819	1
672	1641	1
814	197	1
578	856	1
765	98	1
3	1286	1
323	132	1
597	1895	1
580	1006	1
98	1106	1
294	112	1
323	1061	1
271	1457	1
491	346	1
271	1139	1
574	1267	1
783	181	1
280	704	1
465	2050	1
508	420	1
54	284	1
491	468	1
712	1360	1
298	787	1
578	1292	1
794	783	1
794	1784	1
222	105	1
208	2055	1
570	567	1
14	898	1
608	1052	1
787	358	1
334	1031	1
140	1237	1
245	75	1
494	1642	1
446	790	1
628	412	1
494	326	1
121	887	1
489	1853	1
154	1892	1
801	1871	1
578	1638	1
526	1205	1
174	271	1
789	1972	1
8	1692	1
539	264	1
321	978	1
580	1920	1
288	758	1
577	692	1
8	698	1
222	1485	1
553	566	1
418	1185	1
553	1988	1
147	1910	1
596	1350	1
183	1350	1
309	115	1
344	1663	1
550	1244	1
130	2057	1
773	363	1
144	71	1
491	114	1
491	1197	1
220	279	1
79	1990	1
765	8	1
179	1130	1
284	224	1
650	2002	1
491	2108	1
55	1364	1
742	764	1
639	1049	1
265	1784	1
612	978	1
147	363	1
338	1393	1
393	669	1
522	210	1
476	1261	1
270	1632	1
342	185	1
310	48	1
269	596	1
726	1113	1
55	1501	1
170	664	1
591	669	1
576	1140	1
375	283	1
81	1360	1
271	1253	1
739	1610	1
88	1439	1
726	515	1
224	615	1
280	773	1
465	1486	1
108	1652	1
208	801	1
59	283	1
735	175	1
494	835	1
753	888	1
550	1893	1
646	1096	1
437	78	1
108	478	1
210	42	1
773	1671	1
747	793	1
585	1852	1
111	1481	1
446	1897	1
574	1591	1
578	791	1
616	210	1
334	304	1
574	1551	1
766	2040	1
187	1122	1
710	898	1
659	1396	1
375	758	1
553	176	1
143	1097	1
140	1034	1
287	617	1
280	346	1
323	1929	1
818	1906	1
712	1737	1
798	1924	1
98	1147	1
616	32	1
577	758	1
781	1743	1
210	1407	1
476	1676	1
476	1915	1
574	1812	1
416	1671	1
88	1327	1
222	218	1
115	1496	1
747	172	1
17	1274	1
54	1830	1
177	978	1
244	210	1
765	1819	1
676	1061	1
432	1773	1
91	1413	1
787	1700	1
108	450	1
7	914	1
585	1959	1
312	23	1
609	758	1
140	1925	1
256	78	1
753	1357	1
476	1020	1
280	930	1
56	1917	1
609	2047	1
83	1608	1
441	1622	1
108	1425	1
550	78	1
177	692	1
783	142	1
758	193	1
210	873	1
72	1061	1
497	758	1
633	445	1
280	9	1
280	224	1
491	287	1
654	819	1
494	54	1
574	442	1
45	1646	1
222	1002	1
765	232	1
712	1646	1
701	8	1
665	74	1
676	944	1
806	1173	1
456	13	1
271	78	1
773	505	1
706	879	1
783	419	1
789	823	1
548	49	1
324	689	1
163	2103	1
144	692	1
312	565	1
112	1869	1
323	1757	1
510	64	1
815	670	1
735	40	1
769	832	1
818	660	1
323	326	1
712	2105	1
774	1122	1
6	1809	1
124	341	1
596	596	1
66	980	1
98	819	1
466	599	1
476	1815	1
403	32	1
741	1997	1
267	1929	1
497	2047	1
619	402	1
287	1348	1
262	210	1
494	1465	1
208	442	1
446	2039	1
8	1350	1
35	364	1
168	1267	1
742	1018	1
672	761	1
179	446	1
502	615	1
167	370	1
284	1708	1
199	1716	1
574	1327	1
597	688	1
774	1639	1
312	1185	1
75	126	1
753	2025	1
672	1233	1
355	1571	1
606	750	1
712	185	1
596	1625	1
3	1743	1
574	1235	1
98	1166	1
774	265	1
164	1920	1
574	1603	1
121	506	1
87	1633	1
773	882	1
323	1976	1
323	1402	1
676	1517	1
312	1139	1
658	963	1
587	2022	1
547	1853	1
350	496	1
312	185	1
648	1517	1
712	196	1
639	142	1
54	1509	1
180	1871	1
222	1623	1
82	719	1
138	1825	1
808	1031	1
680	881	1
256	856	1
756	978	1
765	376	1
475	1963	1
166	680	1
189	395	1
271	50	1
781	331	1
414	1719	1
347	912	1
518	445	1
222	1293	1
782	1461	1
285	357	1
747	35	1
288	1360	1
636	488	1
449	182	1
808	275	1
525	1522	1
3	1376	1
747	695	1
491	232	1
323	1805	1
161	658	1
763	1227	1
773	1078	1
140	1664	1
215	1006	1
158	952	1
787	1757	1
45	1274	1
404	1620	1
54	1459	1
400	2000	1
273	78	1
55	188	1
574	1348	1
210	817	1
92	819	1
753	1535	1
273	184	1
808	1106	1
621	49	1
761	1935	1
406	683	1
393	592	1
280	1755	1
8	454	1
808	1457	1
467	1742	1
275	1321	1
40	1699	1
95	767	1
444	1108	1
360	978	1
578	1449	1
473	189	1
717	797	1
210	306	1
708	679	1
660	1951	1
224	78	1
789	1811	1
494	78	1
574	1491	1
201	496	1
38	1987	1
154	878	1
222	1465	1
546	1852	1
628	390	1
392	358	1
783	786	1
271	981	1
726	799	1
578	1078	1
659	592	1
222	328	1
147	452	1
87	1883	1
476	2081	1
661	735	1
726	545	1
37	34	1
140	649	1
375	1230	1
414	81	1
342	809	1
287	1413	1
774	1155	1
3	1929	1
788	747	1
630	257	1
106	1380	1
503	567	1
104	849	1
414	1646	1
348	496	1
414	1875	1
12	992	1
710	556	1
597	60	1
773	515	1
578	895	1
312	1434	1
351	758	1
323	837	1
279	1792	1
44	1512	1
518	768	1
147	2026	1
729	1764	1
263	1183	1
672	551	1
36	1349	1
489	167	1
356	1133	1
171	126	1
414	711	1
553	74	1
464	2063	1
72	1286	1
110	1871	1
23	283	1
414	1233	1
624	978	1
801	1444	1
582	658	1
562	496	1
578	1912	1
140	1379	1
550	1033	1
49	13	1
140	429	1
476	340	1
334	98	1
366	234	1
342	1151	1
224	1046	1
12	1357	1
694	42	1
470	1786	1
710	1232	1
446	945	1
550	336	1
761	621	1
271	1056	1
146	1792	1
366	701	1
222	352	1
769	1204	1
712	1531	1
726	1671	1
783	1446	1
648	1287	1
104	1019	1
526	923	1
694	1286	1
375	666	1
783	978	1
56	1231	1
353	1929	1
301	1061	1
312	2083	1
812	56	1
280	751	1
773	1502	1
98	582	1
658	1596	1
807	852	1
578	76	1
578	1626	1
758	1148	1
19	573	1
731	1920	1
441	1173	1
672	143	1
773	1276	1
528	1938	1
494	659	1
210	49	1
756	1243	1
491	458	1
147	785	1
330	1860	1
219	774	1
153	406	1
222	1526	1
147	998	1
200	1171	1
375	1692	1
200	1265	1
224	1517	1
474	54	1
208	1005	1
69	1385	1
808	715	1
170	1354	1
578	335	1
108	1264	1
799	658	1
712	35	1
526	1393	1
17	591	1
467	1838	1
312	98	1
278	662	1
17	1031	1
39	1342	1
147	799	1
535	1183	1
361	625	1
726	785	1
639	1184	1
694	873	1
476	1202	1
310	107	1
224	20	1
550	1258	1
110	956	1
149	701	1
597	1720	1
329	592	1
808	1415	1
646	1716	1
263	967	1
706	195	1
441	1184	1
268	1321	1
256	1113	1
213	1879	1
714	1802	1
574	1792	1
765	1031	1
680	1737	1
441	1045	1
179	701	1
808	1920	1
677	1969	1
658	669	1
809	1716	1
55	1061	1
726	279	1
545	961	1
531	1006	1
628	98	1
217	459	1
787	873	1
215	669	1
712	1147	1
54	552	1
755	1931	1
672	1066	1
392	625	1
19	692	1
680	649	1
513	1603	1
397	30	1
747	1540	1
17	1056	1
774	826	1
664	447	1
550	1165	1
87	1257	1
494	1629	1
617	867	1
774	350	1
794	144	1
40	1333	1
300	257	1
773	1626	1
312	1106	1
395	662	1
271	1031	1
814	2105	1
464	350	1
93	1342	1
174	574	1
179	1766	1
108	1917	1
140	1982	1
309	726	1
45	981	1
87	729	1
807	547	1
124	746	1
140	50	1
494	1046	1
574	1444	1
216	1001	1
17	1851	1
774	30	1
747	1295	1
550	1185	1
628	444	1
574	591	1
814	442	1
494	1403	1
800	1899	1
550	1634	1
328	660	1
140	1551	1
280	1348	1
140	1959	1
149	483	1
208	906	1
55	585	1
664	741	1
418	699	1
179	1922	1
765	181	1
280	242	1
518	783	1
33	1211	1
645	621	1
271	1319	1
259	1388	1
74	1809	1
256	1986	1
814	1443	1
762	1342	1
222	1900	1
597	1643	1
632	105	1
781	1764	1
773	534	1
814	496	1
188	551	1
446	963	1
397	726	1
14	1645	1
210	1052	1
766	1412	1
271	389	1
147	64	1
773	856	1
539	1396	1
256	391	1
773	1113	1
616	2002	1
124	1092	1
516	1676	1
526	349	1
491	1709	1
712	1106	1
564	1178	1
464	411	1
773	908	1
129	679	1
560	1323	1
526	224	1
494	1495	1
12	1286	1
3	306	1
476	287	1
781	1643	1
808	1274	1
334	1462	1
87	1639	1
712	2109	1
294	468	1
220	1336	1
279	1311	1
774	648	1
210	1048	1
197	168	1
550	140	1
658	2047	1
814	34	1
217	1420	1
747	516	1
312	1400	1
439	2061	1
597	57	1
494	2049	1
135	954	1
376	1845	1
328	1853	1
421	1716	1
271	739	1
129	1620	1
595	591	1
393	1343	1
781	1853	1
717	446	1
353	1402	1
620	261	1
353	60	1
294	1918	1
717	0	1
365	1052	1
799	866	1
284	278	1
335	181	1
774	791	1
418	1708	1
334	2083	1
812	581	1
210	1357	1
773	470	1
344	874	1
737	1792	1
808	1056	1
756	454	1
309	705	1
140	2055	1
768	1231	1
694	132	1
271	468	1
706	1975	1
147	654	1
19	1220	1
666	1742	1
334	2105	1
414	1801	1
572	621	1
807	480	1
140	698	1
717	1909	1
468	1608	1
222	691	1
241	956	1
573	22	1
210	1529	1
639	459	1
680	834	1
446	1850	1
648	1501	1
619	1620	1
334	39	1
781	57	1
297	956	1
597	1562	1
506	880	1
658	1871	1
672	128	1
773	783	1
587	1242	1
285	1936	1
280	135	1
121	1368	1
597	468	1
70	109	1
446	1680	1
222	63	1
312	1526	1
271	332	1
223	1291	1
147	102	1
323	1020	1
356	363	1
140	474	1
574	661	1
95	1449	1
288	1792	1
285	1351	1
658	592	1
140	1209	1
271	197	1
584	32	1
726	101	1
676	57	1
208	2088	1
658	912	1
657	2000	1
610	870	1
453	1640	1
9	126	1
383	574	1
2	247	1
526	965	1
143	478	1
622	2042	1
737	1360	1
773	1835	1
119	1360	1
761	1065	1
491	1127	1
757	2069	1
494	1129	1
680	564	1
432	2108	1
272	758	1
578	772	1
124	1504	1
170	585	1
773	1594	1
448	261	1
147	1793	1
366	1487	1
809	1853	1
397	279	1
366	282	1
222	78	1
54	1951	1
717	1886	1
446	1360	1
773	1782	1
266	2031	1
494	461	1
687	510	1
208	210	1
124	743	1
170	1743	1
774	938	1
280	1124	1
288	338	1
304	1707	1
170	1933	1
550	1046	1
147	333	1
580	34	1
726	151	1
418	1661	1
601	1610	1
680	2068	1
807	1070	1
3	1045	1
578	1514	1
210	1380	1
494	2028	1
774	8	1
222	292	1
271	1197	1
613	1581	1
510	1122	1
491	935	1
216	931	1
217	1362	1
774	713	1
491	1943	1
719	22	1
356	1684	1
111	963	1
753	1485	1
666	1032	1
381	1030	1
553	1668	1
494	314	1
783	692	1
476	1041	1
773	748	1
210	1588	1
347	1267	1
794	402	1
66	468	1
280	1000	1
491	1124	1
772	978	1
206	515	1
271	2090	1
735	1571	1
82	1861	1
104	877	1
362	142	1
121	1863	1
446	93	1
789	145	1
342	332	1
659	100	1
327	1274	1
388	874	1
574	951	1
220	1631	1
222	1048	1
280	1889	1
174	680	1
250	34	1
526	140	1
476	1865	1
712	984	1
112	1598	1
208	1096	1
756	1338	1
60	705	1
667	1171	1
382	126	1
112	956	1
712	116	1
717	85	1
54	1186	1
330	898	1
680	237	1
348	978	1
106	1485	1
580	1620	1
694	1720	1
574	1540	1
620	898	1
309	1781	1
425	914	1
98	442	1
357	20	1
72	1895	1
679	2047	1
697	750	1
763	1059	1
739	420	1
574	1318	1
222	331	1
760	395	1
676	136	1
680	2090	1
98	649	1
584	1906	1
439	685	1
285	804	1
426	1515	1
694	1196	1
491	1363	1
417	225	1
787	1779	1
494	844	1
639	221	1
476	1805	1
108	1543	1
644	1515	1
617	1373	1
1	978	1
747	1810	1
672	715	1
323	42	1
432	1524	1
659	1312	1
807	1789	1
312	2068	1
712	2083	1
474	1485	1
382	1671	1
578	925	1
774	1108	1
280	988	1
595	304	1
694	523	1
524	978	1
773	283	1
540	658	1
420	967	1
494	873	1
578	502	1
210	1643	1
757	1478	1
465	921	1
657	767	1
787	1805	1
624	261	1
694	1354	1
147	2043	1
353	538	1
644	620	1
773	736	1
147	144	1
470	1205	1
335	2063	1
676	1357	1
773	1429	1
351	2047	1
210	1895	1
382	1304	1
414	275	1
414	1066	1
578	366	1
162	1812	1
494	1695	1
595	1646	1
612	496	1
783	1631	1
701	505	1
414	2083	1
353	1893	1
312	715	1
136	249	1
647	1350	1
692	1963	1
676	292	1
636	189	1
796	104	1
287	1871	1
672	1123	1
440	246	1
334	1056	1
381	1939	1
293	492	1
694	944	1
574	1295	1
208	406	1
814	564	1
108	1252	1
210	500	1
672	1031	1
726	339	1
550	1230	1
697	1948	1
494	2025	1
734	1878	1
305	1189	1
55	1220	1
72	1263	1
271	892	1
585	1133	1
753	327	1
325	496	1
554	415	1
329	1312	1
731	1620	1
3	63	1
636	1671	1
470	660	1
98	1875	1
140	1254	1
669	2066	1
619	1594	1
687	1060	1
783	1517	1
717	1635	1
706	500	1
765	1947	1
674	1716	1
158	2030	1
684	1453	1
574	445	1
578	849	1
105	1920	1
535	1152	1
334	185	1
62	1542	1
281	47	1
54	539	1
774	144	1
789	135	1
666	485	1
694	354	1
72	1900	1
342	715	1
812	1717	1
361	42	1
712	442	1
748	978	1
756	1237	1
280	852	1
726	1019	1
241	567	1
597	1357	1
645	681	1
280	1267	1
710	13	1
583	1702	1
98	2105	1
524	878	1
54	1204	1
729	257	1
781	1642	1
665	592	1
323	136	1
694	837	1
765	564	1
765	1446	1
807	1509	1
256	1310	1
577	1772	1
476	154	1
762	1579	1
147	886	1
574	607	1
726	144	1
765	1197	1
574	174	1
628	1147	1
84	1105	1
646	1620	1
597	735	1
222	1420	1
42	1006	1
393	912	1
574	1439	1
801	1327	1
680	1736	1
210	923	1
513	365	1
680	444	1
808	984	1
110	592	1
728	978	1
87	827	1
726	1078	1
818	257	1
309	1993	1
630	1716	1
72	1485	1
795	1620	1
774	705	1
280	1709	1
126	238	1
327	1184	1
774	534	1
121	257	1
645	701	1
526	2057	1
353	1357	1
774	64	1
168	1327	1
179	205	1
354	898	1
553	1250	1
33	78	1
271	140	1
106	54	1
271	595	1
17	1646	1
432	496	1
54	1039	1
280	579	1
237	1183	1
81	1598	1
153	1257	1
366	345	1
476	1827	1
45	1725	1
140	712	1
353	944	1
577	2088	1
773	917	1
594	1330	1
170	1866	1
249	1100	1
81	567	1
600	361	1
578	1949	1
769	334	1
241	874	1
680	275	1
539	178	1
446	1792	1
812	667	1
545	323	1
312	336	1
578	190	1
296	13	1
414	947	1
432	1022	1
108	1235	1
334	1655	1
210	2061	1
309	799	1
726	734	1
818	887	1
729	745	1
240	672	1
256	1102	1
140	1990	1
153	614	1
280	161	1
494	1516	1
763	1959	1
382	1340	1
55	57	1
712	711	1
747	1350	1
256	1656	1
747	1551	1
666	378	1
267	1485	1
271	573	1
550	184	1
204	858	1
814	1462	1
597	1743	1
219	1094	1
222	132	1
729	658	1
393	1062	1
747	1134	1
701	1388	1
294	1645	1
224	1988	1
543	1792	1
491	1392	1
726	1001	1
342	2090	1
672	1018	1
694	1815	1
140	196	1
814	981	1
248	1853	1
494	1701	1
585	953	1
394	758	1
20	1708	1
476	1051	1
494	532	1
222	1129	1
159	474	1
797	2047	1
144	109	1
81	1448	1
402	567	1
181	2085	1
726	917	1
550	1495	1
694	1263	1
74	1057	1
696	253	1
222	1175	1
789	2100	1
280	2069	1
45	2105	1
747	1568	1
353	1271	1
140	652	1
25	906	1
672	304	1
672	363	1
641	1271	1
271	1018	1
789	1889	1
441	1769	1
170	1806	1
81	389	1
712	1719	1
167	1449	1
666	262	1
745	1100	1
747	1631	1
645	1074	1
765	920	1
55	1630	1
81	963	1
331	24	1
112	1053	1
706	1271	1
786	2046	1
280	1570	1
380	1238	1
774	1890	1
88	768	1
36	528	1
617	1550	1
726	648	1
496	1141	1
280	317	1
280	507	1
544	900	1
98	1893	1
457	1769	1
397	268	1
494	1088	1
503	1448	1
98	1851	1
729	1906	1
140	997	1
645	263	1
814	934	1
765	762	1
759	261	1
222	755	1
104	2026	1
773	1584	1
609	1350	1
54	496	1
140	775	1
323	1187	1
334	906	1
701	1633	1
312	1073	1
312	1066	1
814	2031	1
446	580	1
55	451	1
189	958	1
280	493	1
18	1620	1
726	1955	1
801	963	1
694	1401	1
3	1485	1
170	1293	1
353	1020	1
550	1526	1
597	1286	1
98	834	1
217	181	1
808	197	1
680	39	1
742	1645	1
334	81	1
25	1875	1
809	1906	1
78	679	1
687	1776	1
8	1209	1
19	1631	1
179	1480	1
40	420	1
596	1108	1
781	1465	1
266	161	1
731	679	1
72	820	1
774	401	1
799	1853	1
491	1112	1
694	992	1
335	763	1
729	1963	1
712	1139	1
466	2048	1
476	873	1
737	1824	1
207	658	1
773	1722	1
179	424	1
208	98	1
3	292	1
694	54	1
553	1374	1
172	1171	1
588	505	1
66	13	1
425	1102	1
312	332	1
312	1415	1
163	1271	1
794	1793	1
694	352	1
609	1342	1
550	1102	1
494	184	1
300	150	1
503	1481	1
712	507	1
489	660	1
750	84	1
288	956	1
645	234	1
531	1920	1
446	456	1
577	181	1
726	1003	1
179	1234	1
765	521	1
807	537	1
680	304	1
666	1635	1
812	301	1
17	2047	1
125	1784	1
597	1840	1
747	2052	1
271	934	1
87	189	1
812	103	1
574	18	1
619	2047	1
595	1982	1
356	1140	1
757	1227	1
388	567	1
602	1860	1
789	693	1
510	337	1
296	1863	1
347	1136	1
72	57	1
55	1196	1
701	189	1
649	1834	1
249	71	1
393	1869	1
126	1716	1
758	103	1
441	1792	1
672	1411	1
12	1806	1
694	403	1
152	923	1
432	1741	1
54	527	1
765	1214	1
773	396	1
808	143	1
176	1321	1
249	1414	1
334	1982	1
238	545	1
510	1449	1
347	1360	1
397	1240	1
783	2092	1
279	669	1
309	680	1
494	2113	1
770	669	1
812	1854	1
680	143	1
192	15	1
220	1312	1
381	1416	1
110	1929	1
414	311	1
309	68	1
505	1057	1
312	1367	1
712	349	1
284	1205	1
392	42	1
271	105	1
681	592	1
104	1633	1
672	459	1
774	58	1
672	127	1
658	1413	1
222	1815	1
578	422	1
72	817	1
582	1853	1
645	1289	1
282	20	1
497	505	1
393	956	1
353	218	1
491	481	1
476	215	1
439	767	1
753	858	1
729	1716	1
224	1017	1
82	1542	1
266	507	1
672	393	1
570	874	1
628	1562	1
167	1325	1
633	1001	1
494	2112	1
158	1401	1
747	854	1
311	1360	1
88	1267	1
323	1998	1
55	1567	1
672	960	1
765	1256	1
759	978	1
726	1937	1
414	50	1
756	1794	1
617	1709	1
126	150	1
271	391	1
585	1517	1
491	349	1
60	726	1
590	176	1
222	1701	1
494	60	1
334	955	1
672	984	1
773	705	1
158	162	1
645	1632	1
362	221	1
765	1107	1
292	978	1
81	1444	1
465	740	1
774	102	1
737	669	1
561	680	1
814	507	1
594	1809	1
121	374	1
347	592	1
774	734	1
558	870	1
273	2103	1
328	210	1
136	96	1
470	658	1
33	1583	1
446	856	1
17	1792	1
312	390	1
645	1245	1
513	1455	1
573	319	1
672	1415	1
98	2068	1
708	1620	1
167	641	1
645	964	1
385	1453	1
694	513	1
787	306	1
428	795	1
470	296	1
617	295	1
141	126	1
418	628	1
493	1878	1
414	1031	1
220	385	1
34	468	1
494	42	1
533	1662	1
287	620	1
787	1061	1
256	1542	1
645	159	1
494	1646	1
296	608	1
144	1780	1
774	833	1
356	705	1
717	672	1
210	218	1
210	717	1
353	1643	1
312	1725	1
737	1173	1
574	1970	1
334	1415	1
494	766	1
54	1099	1
54	899	1
694	1629	1
494	846	1
650	1663	1
17	275	1
514	78	1
104	1468	1
397	856	1
244	660	1
709	1001	1
781	660	1
476	15	1
574	769	1
574	1807	1
136	92	1
263	1375	1
609	918	1
714	1342	1
540	32	1
658	1267	1
597	1900	1
762	2101	1
747	1893	1
624	140	1
104	1883	1
418	1271	1
491	73	1
397	452	1
590	210	1
550	518	1
396	63	1
278	708	1
812	1538	1
334	2104	1
672	332	1
773	1035	1
54	145	1
312	229	1
278	1924	1
801	1792	1
717	394	1
753	1582	1
327	1446	1
271	2013	1
518	2055	1
256	1569	1
356	505	1
765	1123	1
8	118	1
140	1875	1
347	1444	1
280	1296	1
142	1324	1
466	1284	1
665	669	1
347	669	1
510	189	1
335	406	1
104	139	1
284	1536	1
595	1031	1
494	218	1
108	1231	1
72	1929	1
36	1845	1
172	2037	1
104	1269	1
740	679	1
179	1299	1
233	1969	1
747	454	1
442	186	1
579	2047	1
126	658	1
765	1725	1
69	224	1
353	1286	1
609	1414	1
789	173	1
281	1662	1
773	2047	1
735	878	1
160	870	1
801	1680	1
735	496	1
402	874	1
491	601	1
774	1883	1
63	1094	1
256	1240	1
496	1021	1
497	705	1
2	1640	1
98	1411	1
513	38	1
680	1056	1
168	338	1
227	745	1
144	666	1
491	379	1
220	904	1
12	1771	1
178	1598	1
124	849	1
742	1617	1
346	1784	1
788	816	1
339	819	1
808	332	1
253	1962	1
781	1929	1
476	1743	1
787	1357	1
73	1997	1
676	873	1
143	194	1
587	1562	1
161	1906	1
140	1360	1
773	1947	1
266	1570	1
312	2018	1
8	1414	1
726	1155	1
129	1006	1
781	1906	1
342	881	1
756	20	1
201	978	1
484	1717	1
470	496	1
259	515	1
381	1183	1
792	774	1
726	1793	1
210	1286	1
712	468	1
774	1522	1
658	1850	1
168	455	1
124	1671	1
597	1111	1
808	1875	1
397	893	1
348	1608	1
289	100	1
756	1302	1
765	50	1
801	1072	1
271	2103	1
765	1959	1
585	20	1
220	1291	1
280	554	1
208	1634	1
397	1221	1
791	222	1
342	1982	1
17	185	1
620	13	1
781	1314	1
72	944	1
17	934	1
736	130	1
676	805	1
694	2084	1
397	1714	1
717	2009	1
672	1562	1
381	1888	1
327	261	1
18	1006	1
98	2104	1
42	679	1
517	1094	1
578	363	1
418	745	1
494	1150	1
706	728	1
17	1875	1
637	1449	1
609	1230	1
437	2103	1
460	1405	1
392	1293	1
773	1986	1
518	1654	1
244	1853	1
256	2016	1
148	2000	1
774	886	1
168	620	1
753	1564	1
645	1476	1
513	1011	1
334	649	1
807	1758	1
222	1102	1
405	1204	1
327	1517	1
672	649	1
489	86	1
397	470	1
623	1049	1
124	1683	1
494	1615	1
301	60	1
789	675	1
701	1883	1
98	1631	1
222	1286	1
441	858	1
14	1251	1
418	1526	1
494	931	1
348	261	1
397	1883	1
54	985	1
138	840	1
793	1707	1
751	468	1
651	669	1
12	944	1
351	124	1
271	1205	1
753	78	1
487	1294	1
312	304	1
115	1312	1
17	1462	1
140	673	1
494	136	1
108	94	1
807	10	1
812	771	1
87	1781	1
801	1445	1
234	1172	1
544	1809	1
595	1655	1
773	1269	1
81	67	1
694	1700	1
213	1784	1
351	189	1
494	462	1
309	748	1
299	787	1
55	42	1
121	733	1
694	1516	1
414	1737	1
334	393	1
342	39	1
441	1146	1
540	660	1
765	127	1
747	518	1
578	713	1
87	30	1
72	60	1
191	1620	1
722	364	1
672	920	1
746	1717	1
578	209	1
124	1078	1
72	1720	1
444	708	1
192	321	1
672	50	1
154	34	1
20	615	1
222	1995	1
362	986	1
712	390	1
583	2110	1
573	858	1
446	1959	1
325	1046	1
666	603	1
353	1895	1
216	63	1
313	1918	1
673	1892	1
280	423	1
789	496	1
168	1850	1
726	1207	1
144	596	1
353	1485	1
414	1446	1
489	2002	1
494	841	1
140	635	1
520	1433	1
114	415	1
155	1449	1
694	2070	1
430	1141	1
806	900	1
271	868	1
271	1128	1
712	23	1
222	462	1
636	1210	1
652	658	1
222	1479	1
773	2000	1
336	1699	1
773	1466	1
476	511	1
451	1608	1
8	1792	1
491	915	1
81	1327	1
783	976	1
158	659	1
628	2083	1
144	454	1
694	1771	1
323	1814	1
773	826	1
578	1476	1
532	1794	1
208	931	1
140	266	1
158	901	1
222	585	1
595	1801	1
256	1271	1
694	1083	1
170	54	1
449	701	1
271	971	1
379	1468	1
220	189	1
444	445	1
71	1924	1
665	1727	1
701	705	1
312	1655	1
17	311	1
449	647	1
801	1481	1
104	736	1
55	851	1
222	2049	1
215	1920	1
773	1356	1
758	277	1
256	505	1
220	1418	1
551	1332	1
590	1096	1
658	631	1
106	49	1
469	1265	1
801	1619	1
491	813	1
309	1113	1
17	390	1
187	1625	1
503	592	1
712	1537	1
104	1356	1
241	1598	1
494	1376	1
1	496	1
405	34	1
814	867	1
583	1883	1
717	811	1
382	916	1
630	380	1
305	100	1
84	1562	1
465	383	1
476	241	1
220	1557	1
700	1184	1
12	1567	1
717	1010	1
152	1708	1
280	1069	1
266	1533	1
361	461	1
208	1863	1
726	726	1
576	507	1
717	1117	1
530	1731	1
466	1336	1
628	801	1
764	1204	1
327	582	1
98	1446	1
747	1439	1
773	144	1
666	0	1
121	2006	1
135	1211	1
14	155	1
711	1142	1
69	1205	1
491	1018	1
650	178	1
104	654	1
19	1501	1
736	1204	1
550	1367	1
140	723	1
121	1716	1
88	1215	1
353	2084	1
574	963	1
692	1231	1
178	758	1
701	913	1
166	330	1
220	1240	1
344	1612	1
179	85	1
815	807	1
617	993	1
210	1129	1
412	1620	1
773	1447	1
356	496	1
96	1899	1
98	1415	1
69	507	1
489	658	1
726	791	1
755	607	1
271	1448	1
672	764	1
658	1792	1
630	1764	1
271	311	1
601	420	1
765	801	1
226	1265	1
591	1871	1
266	1124	1
595	197	1
706	1564	1
491	1736	1
309	464	1
45	1851	1
645	1803	1
45	1056	1
96	1997	1
256	1438	1
446	1330	1
465	224	1
726	522	1
765	393	1
747	637	1
328	257	1
271	649	1
45	1875	1
456	776	1
451	49	1
222	184	1
676	844	1
271	143	1
263	91	1
799	660	1
694	1588	1
494	1401	1
578	427	1
781	844	1
758	72	1
98	1725	1
393	1336	1
596	1731	1
209	2007	1
149	678	1
392	352	1
595	98	1
574	197	1
532	898	1
266	9	1
574	704	1
445	856	1
312	1411	1
147	670	1
144	1812	1
393	1444	1
441	1759	1
126	1853	1
765	595	1
1	878	1
630	210	1
143	1264	1
550	1660	1
104	515	1
108	1554	1
578	58	1
250	878	1
430	1587	1
747	1108	1
403	658	1
151	175	1
55	538	1
342	686	1
140	256	1
416	849	1
787	54	1
124	1449	1
553	923	1
366	647	1
353	513	1
224	1559	1
774	670	1
82	1574	1
733	1571	1
709	729	1
167	856	1
491	1205	1
812	706	1
550	1250	1
494	1976	1
578	2027	1
508	1863	1
596	454	1
71	86	1
180	669	1
230	1329	1
140	558	1
222	2033	1
323	1629	1
773	1522	1
168	856	1
572	2034	1
550	549	1
443	1274	1
658	1360	1
104	913	1
747	1362	1
353	698	1
356	819	1
476	1642	1
82	1078	1
592	1333	1
82	2026	1
625	1100	1
700	1600	1
789	767	1
774	338	1
756	496	1
765	1290	1
590	1536	1
696	1006	1
140	564	1
802	1148	1
446	1215	1
334	984	1
769	496	1
573	1046	1
543	1360	1
71	222	1
789	784	1
132	937	1
672	521	1
736	1541	1
210	1572	1
781	210	1
168	598	1
271	372	1
469	597	1
263	1783	1
140	1549	1
607	978	1
323	1465	1
617	1741	1
706	140	1
17	304	1
342	521	1
486	1512	1
217	931	1
271	237	1
781	1096	1
753	1613	1
40	1610	1
476	160	1
446	1707	1
672	595	1
798	222	1
630	887	1
465	468	1
323	218	1
787	1785	1
170	1273	1
210	2005	1
25	1147	1
216	1021	1
503	1869	1
98	1056	1
256	848	1
503	1348	1
549	799	1
791	86	1
595	1457	1
249	1598	1
494	198	1
222	2032	1
446	189	1
774	2026	1
676	1929	1
446	1619	1
263	480	1
773	1703	1
545	572	1
619	705	1
374	178	1
672	81	1
594	912	1
87	1782	1
774	406	1
425	1271	1
701	826	1
494	336	1
222	1314	1
121	694	1
325	1271	1
312	1875	1
772	496	1
536	362	1
224	819	1
601	958	1
441	1743	1
147	1113	1
373	49	1
370	1809	1
632	2103	1
794	758	1
532	142	1
244	1716	1
88	912	1
274	1620	1
814	1646	1
574	1871	1
98	885	1
104	1782	1
441	2093	1
550	1158	1
774	1542	1
54	1649	1
801	1348	1
528	1740	1
222	1150	1
158	817	1
140	142	1
747	918	1
765	158	1
271	185	1
420	1878	1
645	927	1
645	1577	1
104	796	1
140	1646	1
98	494	1
71	253	1
108	808	1
794	1782	1
323	1263	1
217	1559	1
546	953	1
30	496	1
330	727	1
494	1083	1
726	189	1
550	1564	1
645	90	1
170	1422	1
494	63	1
524	496	1
98	1214	1
403	1096	1
494	189	1
808	116	1
290	1568	1
624	923	1
147	1388	1
71	708	1
285	1753	1
706	923	1
476	2094	1
287	1901	1
577	666	1
686	475	1
309	1490	1
424	1333	1
550	628	1
280	2108	1
250	261	1
701	1793	1
353	1263	1
201	1183	1
140	864	1
547	1716	1
476	538	1
540	167	1
19	459	1
550	699	1
712	1839	1
726	856	1
787	60	1
648	680	1
446	1798	1
155	126	1
217	1867	1
574	494	1
676	538	1
8	692	1
222	538	1
82	1633	1
347	498	1
12	1720	1
597	1867	1
655	1663	1
312	2104	1
672	237	1
726	1890	1
263	1951	1
694	1048	1
368	1717	1
222	1263	1
446	607	1
680	1446	1
144	1164	1
414	1106	1
280	1444	1
342	981	1
140	407	1
472	175	1
365	2097	1
121	2046	1
179	1874	1
399	1571	1
8	1342	1
476	1263	1
496	1159	1
140	1559	1
441	2103	1
494	2103	1
210	837	1
271	304	1
287	1267	1
432	1755	1
645	996	1
54	2001	1
676	1643	1
240	1405	1
645	483	1
476	863	1
729	210	1
696	679	1
306	750	1
294	735	1
814	275	1
153	1	1
570	1869	1
680	442	1
624	2103	1
762	1560	1
312	1903	1
751	224	1
425	1094	1
797	283	1
113	415	1
494	1397	1
24	75	1
95	1325	1
456	507	1
550	26	1
561	2041	1
765	692	1
15	1001	1
365	24	1
494	1354	1
662	1535	1
818	210	1
126	410	1
441	60	1
154	496	1
266	1773	1
363	1685	1
765	1733	1
613	347	1
121	660	1
608	24	1
212	978	1
271	624	1
342	655	1
694	1814	1
236	2021	1
497	1388	1
87	348	1
494	805	1
765	649	1
402	210	1
140	181	1
33	954	1
577	459	1
494	1877	1
446	1868	1
694	2061	1
487	692	1
664	25	1
140	1056	1
67	1110	1
587	20	1
672	185	1
124	363	1
556	1887	1
680	1151	1
783	429	1
108	1430	1
344	567	1
584	1716	1
222	1045	1
573	1918	1
773	1669	1
773	1861	1
176	1079	1
322	1094	1
712	881	1
783	2051	1
170	326	1
595	63	1
578	1607	1
179	672	1
210	78	1
807	43	1
535	552	1
323	1877	1
476	1249	1
672	2104	1
19	1581	1
348	49	1
773	949	1
271	1875	1
630	658	1
7	2057	1
307	2046	1
20	819	1
680	686	1
147	1671	1
353	1900	1
353	1045	1
491	1022	1
787	326	1
256	2061	1
210	60	1
587	669	1
494	943	1
672	442	1
641	105	1
168	535	1
491	127	1
12	1061	1
519	958	1
527	542	1
441	1382	1
691	956	1
121	1983	1
323	1196	1
526	391	1
691	1869	1
584	887	1
553	831	1
98	185	1
323	1622	1
812	1979	1
309	1722	1
309	1449	1
215	1620	1
494	1485	1
354	13	1
55	1929	1
750	175	1
382	1880	1
694	820	1
95	1817	1
497	64	1
198	2046	1
353	1754	1
168	1496	1
641	78	1
334	1457	1
87	713	1
271	761	1
781	2084	1
121	550	1
312	801	1
25	311	1
578	1683	1
66	1645	1
812	1520	1
639	596	1
351	256	1
701	144	1
104	1986	1
465	1205	1
309	1094	1
658	632	1
141	743	1
774	1782	1
494	1436	1
353	331	1
801	669	1
736	1892	1
394	2047	1
140	300	1
87	2080	1
506	20	1
54	693	1
393	1598	1
17	283	1
523	1792	1
174	141	1
788	1592	1
774	505	1
818	1764	1
747	1437	1
402	1853	1
513	924	1
469	2103	1
789	409	1
726	348	1
397	1856	1
712	332	1
325	828	1
787	1895	1
651	1904	1
742	1702	1
140	442	1
774	115	1
765	81	1
216	1141	1
222	513	1
121	819	1
773	2096	1
98	801	1
256	625	1
672	1719	1
648	131	1
210	316	1
519	1699	1
689	1114	1
496	1587	1
428	517	1
648	20	1
758	771	1
219	1561	1
296	978	1
626	283	1
271	608	1
494	1720	1
658	596	1
672	23	1
474	1061	1
81	662	1
680	196	1
393	1327	1
342	416	1
325	878	1
543	596	1
658	149	1
220	596	1
216	178	1
266	1956	1
370	1057	1
179	485	1
201	1888	1
180	592	1
12	873	1
648	663	1
219	318	1
324	1870	1
802	651	1
162	583	1
271	1544	1
8	1625	1
648	18	1
222	2061	1
108	97	1
578	1781	1
266	751	1
418	565	1
325	22	1
574	662	1
309	1191	1
140	221	1
574	1435	1
280	541	1
177	1251	1
135	1265	1
648	397	1
268	1608	1
259	726	1
222	817	1
329	1189	1
234	53	1
179	1980	1
223	100	1
222	837	1
712	98	1
609	220	1
144	1692	1
87	2063	1
758	1717	1
38	272	1
101	64	1
135	1171	1
675	1184	1
712	715	1
147	856	1
55	717	1
491	575	1
98	128	1
594	1444	1
774	1193	1
680	1562	1
45	976	1
327	596	1
769	34	1
60	210	1
342	834	1
323	1273	1
574	1438	1
163	78	1
144	1901	1
421	658	1
323	15	1
574	1036	1
130	1535	1
814	1497	1
812	1427	1
522	658	1
578	718	1
773	618	1
309	1931	1
659	1021	1
707	408	1
602	727	1
323	1642	1
765	1641	1
208	1982	1
168	283	1
285	954	1
98	955	1
799	1716	1
98	1274	1
441	1666	1
196	225	1
222	1629	1
617	735	1
144	181	1
192	2099	1
140	1885	1
595	390	1
574	712	1
309	737	1
170	943	1
712	1128	1
694	1020	1
287	1496	1
494	328	1
503	669	1
694	218	1
37	870	1
323	403	1
344	1598	1
765	726	1
578	1671	1
3	596	1
56	1652	1
550	1397	1
414	934	1
121	1678	1
140	448	1
465	507	1
170	1895	1
162	1157	1
310	1432	1
794	587	1
95	591	1
446	1452	1
271	755	1
659	1710	1
446	428	1
765	2105	1
121	1208	1
208	2087	1
231	1620	1
21	1061	1
24	1094	1
476	611	1
98	1139	1
140	715	1
709	545	1
558	1001	1
808	955	1
658	283	1
271	1851	1
814	1705	1
309	1466	1
223	1189	1
561	1001	1
491	1797	1
476	299	1
793	1291	1
672	582	1
437	1333	1
353	20	1
765	1388	1
727	1918	1
227	1963	1
336	1333	1
694	292	1
676	1485	1
578	83	1
738	958	1
84	20	1
620	1329	1
271	2068	1
511	1360	1
397	1447	1
648	1562	1
476	1115	1
7	1094	1
170	1757	1
104	726	1
481	1878	1
441	1357	1
285	991	1
8	220	1
12	1314	1
769	284	1
627	1517	1
814	1524	1
648	1209	1
288	1598	1
767	261	1
353	292	1
148	1449	1
443	304	1
813	641	1
781	944	1
271	1440	1
706	184	1
158	1778	1
121	1901	1
596	1540	1
773	785	1
208	20	1
710	758	1
271	2105	1
446	2054	1
369	1082	1
463	1598	1
371	1265	1
375	896	1
55	625	1
808	390	1
774	1388	1
574	1015	1
446	444	1
441	837	1
290	1180	1
595	713	1
224	1271	1
85	528	1
670	1781	1
489	257	1
344	1053	1
170	60	1
491	852	1
414	809	1
237	1862	1
694	62	1
814	1550	1
764	1892	1
644	1330	1
760	1699	1
491	735	1
574	1252	1
424	1699	1
104	505	1
774	452	1
453	1665	1
271	1800	1
774	1584	1
455	168	1
680	1197	1
418	1536	1
54	285	1
492	758	1
666	1301	1
624	105	1
808	1147	1
219	1682	1
178	874	1
397	1609	1
644	856	1
222	820	1
404	679	1
104	464	1
773	719	1
54	1183	1
210	1494	1
649	1825	1
694	1642	1
680	363	1
672	169	1
622	758	1
812	45	1
544	953	1
414	1056	1
520	249	1
555	1918	1
218	1792	1
736	878	1
773	1788	1
280	549	1
808	1462	1
694	2064	1
476	844	1
356	1594	1
494	1185	1
692	745	1
263	421	1
773	1781	1
101	1388	1
396	596	1
528	570	1
104	1781	1
751	674	1
617	9	1
765	1411	1
783	1676	1
476	935	1
432	9	1
208	65	1
463	874	1
121	1775	1
599	261	1
121	673	1
463	1869	1
524	34	1
30	261	1
392	1494	1
611	1853	1
142	1307	1
280	1689	1
280	912	1
245	1428	1
494	387	1
342	2083	1
773	1001	1
578	836	1
414	1457	1
672	1462	1
91	283	1
432	939	1
66	898	1
577	2047	1
126	226	1
439	1449	1
510	1310	1
672	561	1
765	950	1
684	1620	1
12	1900	1
553	105	1
717	1838	1
787	352	1
259	1594	1
774	1502	1
309	1784	1
680	393	1
669	1829	1
382	370	1
527	261	1
817	978	1
124	1001	1
783	698	1
807	1000	1
526	755	1
210	952	1
353	1572	1
287	1798	1
594	592	1
476	778	1
615	774	1
144	646	1
574	758	1
510	1388	1
574	2107	1
187	283	1
494	1422	1
220	1671	1
347	1215	1
325	319	1
717	378	1
639	1562	1
121	551	1
168	963	1
801	1360	1
769	914	1
801	82	1
153	827	1
403	2002	1
437	395	1
98	2083	1
712	311	1
11	1251	1
140	1568	1
753	2103	1
421	167	1
106	1401	1
672	2083	1
672	196	1
309	856	1
401	496	1
450	496	1
222	461	1
783	703	1
446	66	1
705	1535	1
323	1895	1
325	1636	1
476	1858	1
208	1174	1
256	326	1
600	1195	1
50	665	1
256	1785	1
104	734	1
519	1333	1
785	1792	1
256	1422	1
280	1763	1
147	1633	1
672	1736	1
620	597	1
808	1801	1
241	1663	1
414	98	1
397	1449	1
578	44	1
507	1620	1
194	1784	1
574	1483	1
446	1863	1
98	881	1
3	873	1
328	496	1
723	821	1
696	1620	1
344	1869	1
140	390	1
422	870	1
210	659	1
78	1920	1
659	2047	1
705	1517	1
525	1890	1
121	1306	1
672	1446	1
809	1764	1
19	347	1
121	1111	1
476	1720	1
628	416	1
2	1319	1
342	1819	1
271	416	1
220	1807	1
812	147	1
71	1353	1
279	1481	1
808	801	1
617	476	1
179	1635	1
140	1901	1
609	1258	1
597	538	1
119	1517	1
774	107	1
342	2068	1
732	1809	1
685	750	1
672	1819	1
661	468	1
680	221	1
392	1422	1
622	2048	1
456	1205	1
1	261	1
574	393	1
353	1743	1
695	898	1
565	2046	1
244	2002	1
334	981	1
773	2026	1
494	538	1
428	780	1
271	955	1
256	1778	1
140	1851	1
108	381	1
650	887	1
446	1122	1
794	1931	1
787	1494	1
70	246	1
753	2077	1
476	490	1
439	849	1
219	1506	1
79	531	1
180	1360	1
677	1918	1
147	1466	1
414	739	1
680	739	1
414	898	1
701	271	1
712	1415	1
441	900	1
474	1206	1
392	461	1
774	600	1
124	502	1
812	341	1
784	1959	1
233	2065	1
271	947	1
170	1695	1
140	1239	1
81	1792	1
712	1767	1
808	2105	1
271	224	1
726	386	1
726	1993	1
449	1300	1
726	882	1
503	1598	1
755	783	1
329	669	1
494	1548	1
808	1537	1
328	978	1
774	856	1
256	1700	1
773	1597	1
318	283	1
476	17	1
794	1639	1
197	1871	1
152	140	1
788	1825	1
237	1718	1
751	1205	1
147	713	1
491	1687	1
270	1886	1
644	631	1
137	758	1
578	418	1
707	1787	1
353	1465	1
717	1409	1
140	919	1
98	393	1
794	1669	1
112	1663	1
658	1621	1
511	338	1
334	715	1
443	564	1
230	1265	1
144	1217	1
807	1986	1
680	521	1
628	1982	1
356	261	1
216	1420	1
8	2062	1
808	1851	1
312	1038	1
801	1798	1
91	1515	1
597	944	1
636	938	1
104	8	1
476	712	1
121	1873	1
503	1171	1
574	637	1
54	1043	1
446	1901	1
179	902	1
761	2034	1
729	2002	1
256	1594	1
614	1051	1
75	2000	1
96	351	1
672	231	1
147	826	1
680	2074	1
813	349	1
224	176	1
578	1647	1
476	1779	1
526	1936	1
546	1794	1
210	1866	1
727	175	1
168	1215	1
491	340	1
611	662	1
19	717	1
494	2070	1
55	868	1
774	1490	1
207	978	1
787	1806	1
595	1517	1
358	996	1
793	1189	1
765	1310	1
812	1696	1
212	496	1
140	1953	1
712	1747	1
463	567	1
502	176	1
578	1219	1
518	1931	1
674	1853	1
140	819	1
256	174	1
222	20	1
410	468	1
494	1479	1
801	912	1
144	445	1
101	1310	1
284	1458	1
476	966	1
503	874	1
140	549	1
373	183	1
773	877	1
726	1883	1
616	1853	1
807	978	1
140	1139	1
441	1383	1
210	1779	1
814	311	1
256	1333	1
88	2062	1
110	874	1
494	755	1
256	1615	1
87	1432	1
773	189	1
375	1809	1
765	803	1
726	796	1
144	698	1
140	374	1
165	679	1
309	1986	1
396	1420	1
309	736	1
585	2075	1
476	1770	1
274	1920	1
476	1359	1
812	534	1
60	505	1
412	1920	1
136	1857	1
55	943	1
98	1959	1
147	189	1
382	641	1
547	1096	1
630	1315	1
351	283	1
91	2047	1
476	1721	1
98	984	1
587	1517	1
587	1871	1
808	2083	1
818	1716	1
3	837	1
497	222	1
592	395	1
45	275	1
189	1699	1
330	1563	1
414	1725	1
452	496	1
222	1785	1
652	2002	1
294	1205	1
494	1165	1
327	449	1
87	48	1
179	1301	1
769	878	1
476	1785	1
773	1310	1
446	1312	1
256	1805	1
641	1102	1
630	167	1
689	1745	1
781	1286	1
124	6	1
330	399	1
814	1031	1
446	606	1
366	52	1
45	1462	1
17	906	1
309	1890	1
622	1163	1
441	444	1
694	585	1
494	1187	1
425	870	1
628	1781	1
81	956	1
645	87	1
270	426	1
300	207	1
578	1085	1
144	2047	1
456	468	1
680	2105	1
573	1583	1
323	973	1
595	1411	1
140	1948	1
562	978	1
491	1123	1
81	253	1
334	809	1
271	507	1
658	1496	1
794	1360	1
672	801	1
446	1477	1
45	564	1
224	1268	1
753	1715	1
412	281	1
680	1769	1
553	1845	1
550	1625	1
143	1341	1
595	332	1
217	289	1
789	978	1
648	1698	1
803	415	1
508	395	1
288	2047	1
54	2067	1
351	1034	1
694	1754	1
774	1001	1
628	311	1
672	2080	1
574	433	1
382	76	1
124	422	1
717	1130	1
470	1853	1
309	515	1
8	666	1
454	735	1
327	20	1
801	1413	1
494	1779	1
130	1006	1
55	1546	1
392	992	1
815	1122	1
187	1792	1
418	1397	1
464	1432	1
770	592	1
706	78	1
124	1547	1
110	54	1
595	23	1
694	1465	1
497	8	1
140	1399	1
597	444	1
814	255	1
224	2103	1
639	181	1
694	1690	1
304	1291	1
717	1301	1
815	1639	1
325	728	1
17	98	1
375	1258	1
124	1340	1
726	1584	1
98	1535	1
222	1642	1
221	978	1
280	175	1
343	1621	1
159	1620	1
187	758	1
578	767	1
595	1139	1
762	1350	1
626	93	1
464	614	1
147	1703	1
815	189	1
814	1889	1
167	422	1
344	1673	1
356	1132	1
153	48	1
712	1725	1
505	1809	1
60	64	1
12	1020	1
717	485	1
787	1422	1
658	1348	1
144	1230	1
587	278	1
591	1924	1
216	596	1
280	476	1
503	1215	1
208	1224	1
140	204	1
577	698	1
634	542	1
625	1869	1
787	625	1
64	1171	1
210	136	1
392	1805	1
774	48	1
636	1449	1
548	1608	1
271	1998	1
619	1388	1
60	1853	1
659	758	1
577	1230	1
687	2011	1
672	230	1
494	292	1
82	1781	1
3	54	1
636	1574	1
428	623	1
814	1773	1
491	2031	1
54	744	1
256	2084	1
98	934	1
309	1001	1
382	1609	1
323	1364	1
771	1512	1
437	1271	1
222	306	1
223	1707	1
170	1815	1
665	1823	1
77	371	1
807	1972	1
466	460	1
574	692	1
94	1395	1
628	968	1
787	664	1
574	170	1
466	940	1
393	235	1
388	956	1
418	105	1
572	1065	1
666	110	1
32	1064	1
491	989	1
414	416	1
773	1240	1
574	381	1
381	870	1
574	768	1
224	691	1
270	1281	1
210	513	1
356	20	1
526	914	1
749	1342	1
550	828	1
287	498	1
419	1934	1
81	912	1
271	98	1
673	978	1
783	1510	1
55	1900	1
475	745	1
261	79	1
814	852	1
381	552	1
595	564	1
31	846	1
768	1335	1
222	1364	1
210	24	1
563	496	1
222	1271	1
414	332	1
653	1006	1
121	63	1
147	505	1
15	1684	1
572	1487	1
794	540	1
709	1161	1
773	294	1
773	1309	1
287	283	1
680	984	1
765	1004	1
301	1929	1
210	1175	1
323	1690	1
726	654	1
98	1023	1
628	1056	1
210	57	1
814	1748	1
815	30	1
807	1921	1
694	1150	1
231	679	1
494	1411	1
597	1992	1
726	670	1
446	1291	1
135	1918	1
309	1388	1
543	941	1
628	1646	1
54	1919	1
312	11	1
550	858	1
446	1760	1
717	1480	1
140	1666	1
263	1842	1
21	1286	1
583	856	1
717	426	1
327	1863	1
774	515	1
740	1006	1
121	1906	1
814	1139	1
789	1365	1
363	779	1
393	1215	1
352	1717	1
494	22	1
522	663	1
489	1906	1
489	32	1
814	906	1
56	1430	1
676	54	1
813	224	1
185	788	1
403	1853	1
45	934	1
382	102	1
801	1171	1
168	2073	1
456	898	1
37	1204	1
309	1594	1
762	816	1
278	1353	1
628	786	1
266	208	1
787	1485	1
271	1801	1
794	607	1
723	1585	1
680	1274	1
167	2019	1
814	1570	1
753	755	1
271	1415	1
312	1495	1
753	140	1
170	42	1
72	292	1
170	538	1
175	0	1
54	687	1
785	1360	1
397	163	1
618	1321	1
578	977	1
271	906	1
680	981	1
578	2026	1
16	2102	1
392	1757	1
124	126	1
178	1100	1
494	1179	1
121	652	1
717	1632	1
789	2058	1
179	31	1
263	267	1
773	1012	1
204	109	1
526	1416	1
765	1594	1
323	1516	1
812	1395	1
747	1184	1
494	1573	1
723	1724	1
167	743	1
574	906	1
659	1141	1
599	2046	1
645	426	1
397	654	1
55	1805	1
104	1191	1
167	1781	1
713	281	1
141	1449	1
765	906	1
765	185	1
636	1019	1
327	707	1
781	1720	1
222	57	1
729	1853	1
19	188	1
216	1403	1
574	1901	1
174	1142	1
561	1792	1
659	269	1
55	286	1
516	1453	1
574	1517	1
72	844	1
595	1625	1
645	1787	1
271	897	1
694	1785	1
222	931	1
376	1349	1
578	405	1
518	2088	1
428	1255	1
55	1581	1
244	887	1
672	1214	1
665	1349	1
19	88	1
694	1866	1
594	669	1
418	1138	1
578	1040	1
453	1521	1
503	1444	1
312	2049	1
617	255	1
494	1402	1
276	1959	1
645	1064	1
432	489	1
279	1173	1
753	184	1
476	1472	1
328	658	1
650	257	1
630	1906	1
726	587	1
222	1357	1
597	142	1
807	832	1
814	575	1
256	1701	1
572	678	1
128	103	1
765	711	1
774	445	1
444	1924	1
208	1274	1
165	1620	1
526	78	1
789	597	1
121	1676	1
121	1275	1
672	1544	1
54	1921	1
758	1793	1
271	1498	1
578	202	1
163	105	1
742	1568	1
574	1376	1
526	748	1
309	2026	1
446	2073	1
121	278	1
574	1731	1
323	1779	1
291	551	1
446	783	1
17	1415	1
643	496	1
696	86	1
179	1064	1
168	732	1
397	1782	1
98	1737	1
287	1445	1
222	768	1
781	1900	1
789	537	1
491	1599	1
798	662	1
309	8	1
717	307	1
666	1691	1
140	1863	1
518	1812	1
645	647	1
179	1952	1
676	60	1
154	1204	1
594	1215	1
300	1093	1
447	956	1
271	1106	1
382	1449	1
773	8	1
574	454	1
464	406	1
302	1792	1
4	1323	1
793	100	1
712	1448	1
645	853	1
456	881	1
680	1139	1
441	538	1
392	523	1
619	758	1
152	615	1
781	513	1
159	679	1
550	923	1
121	474	1
476	1209	1
676	142	1
597	786	1
712	1875	1
90	574	1
650	658	1
516	679	1
472	1959	1
672	416	1
774	294	1
787	1933	1
705	679	1
14	542	1
98	1655	1
506	1517	1
683	1189	1
245	1717	1
707	87	1
469	2058	1
277	1620	1
433	492	1
815	734	1
425	105	1
494	1567	1
628	441	1
98	237	1
446	498	1
108	929	1
17	564	1
712	1801	1
108	1335	1
672	950	1
87	737	1
815	1633	1
550	1414	1
271	1009	1
741	1899	1
767	978	1
256	320	1
121	1181	1
382	999	1
334	1875	1
476	1507	1
595	34	1
140	910	1
650	1096	1
645	394	1
259	452	1
613	286	1
17	758	1
140	968	1
738	1333	1
446	288	1
103	978	1
137	2047	1
773	1993	1
774	1986	1
546	494	1
717	701	1
33	1610	1
441	885	1
706	1102	1
312	393	1
794	64	1
8	842	1
323	1900	1
208	1712	1
578	1001	1
680	761	1
217	1015	1
140	1655	1
494	2084	1
680	847	1
208	1432	1
142	658	1
263	1789	1
737	592	1
170	546	1
550	1168	1
49	93	1
765	197	1
98	906	1
814	863	1
144	1258	1
510	856	1
550	22	1
98	1867	1
470	978	1
807	878	1
561	1122	1
441	979	1
815	545	1
377	296	1
312	197	1
140	1166	1
680	1795	1
747	1535	1
8	1809	1
356	170	1
37	1265	1
551	1266	1
814	597	1
635	525	1
672	1795	1
47	1395	1
476	219	1
574	1362	1
773	545	1
309	29	1
774	807	1
578	754	1
557	415	1
140	1171	1
780	213	1
418	2103	1
619	8	1
54	1972	1
719	1046	1
156	1227	1
636	591	1
676	1779	1
266	224	1
670	1517	1
765	1009	1
616	1716	1
256	1911	1
492	1413	1
476	1697	1
476	120	1
656	978	1
808	1737	1
603	283	1
712	1274	1
206	591	1
507	20	1
210	1401	1
574	1959	1
624	496	1
556	1963	1
588	8	1
595	596	1
615	103	1
494	1815	1
309	758	1
526	105	1
140	1381	1
465	161	1
650	1764	1
362	1864	1
382	294	1
3	931	1
447	1625	1
230	597	1
446	1171	1
124	1468	1
550	702	1
578	1861	1
598	13	1
672	1790	1
27	415	1
200	2058	1
414	906	1
765	73	1
140	531	1
645	282	1
476	254	1
467	1032	1
397	1542	1
210	1720	1
712	143	1
717	902	1
210	805	1
807	267	1
587	865	1
108	676	1
140	885	1
147	743	1
774	618	1
203	1342	1
578	842	1
701	1781	1
717	937	1
523	1360	1
140	516	1
312	858	1
104	1482	1
327	1768	1
401	978	1
140	1023	1
17	50	1
624	1204	1
681	1871	1
273	1102	1
762	1421	1
36	74	1
98	197	1
781	1779	1
595	2105	1
494	625	1
98	142	1
54	1726	1
550	1692	1
397	203	1
271	442	1
224	22	1
658	1086	1
115	1923	1
553	1271	1
574	748	1
312	2105	1
108	194	1
773	1890	1
104	212	1
144	1414	1
289	1707	1
756	142	1
312	582	1
624	78	1
672	934	1
309	452	1
441	105	1
81	1100	1
645	1487	1
266	346	1
393	1100	1
271	231	1
353	1769	1
61	878	1
470	223	1
208	2083	1
498	2046	1
55	1800	1
402	1100	1
249	956	1
217	63	1
591	222	1
518	1769	1
58	1717	1
645	2034	1
210	944	1
476	2084	1
254	1784	1
672	362	1
248	658	1
263	1611	1
296	507	1
628	564	1
414	304	1
12	403	1
773	1644	1
347	620	1
382	234	1
712	897	1
446	1769	1
256	14	1
55	89	1
578	1325	1
144	616	1
584	1853	1
609	666	1
12	585	1
337	261	1
672	809	1
628	1139	1
446	1731	1
174	104	1
397	504	1
140	1136	1
104	591	1
476	328	1
491	939	1
334	1537	1
550	1654	1
680	1018	1
510	785	1
640	1336	1
447	1598	1
232	1310	1
363	709	1
726	83	1
789	91	1
104	1793	1
319	604	1
140	1147	1
153	401	1
150	479	1
46	1512	1
342	739	1
744	1323	1
371	597	1
437	1699	1
55	1440	1
8	1711	1
783	721	1
104	785	1
157	296	1
636	1001	1
81	1348	1
650	32	1
280	1228	1
575	1863	1
210	1263	1
694	805	1
773	938	1
807	784	1
789	1069	1
527	980	1
453	247	1
709	917	1
342	2104	1
329	1707	1
140	2074	1
110	1869	1
280	933	1
712	1119	1
431	261	1
591	662	1
590	658	1
411	1920	1
271	884	1
773	972	1
87	882	1
650	264	1
323	538	1
55	1815	1
342	311	1
595	931	1
173	1918	1
177	187	1
501	1562	1
673	34	1
694	817	1
392	1785	1
103	496	1
147	1468	1
432	1705	1
668	1924	1
38	13	1
616	167	1
280	244	1
342	1537	1
808	81	1
758	301	1
362	496	1
801	93	1
285	1932	1
726	102	1
51	1992	1
106	60	1
578	477	1
578	908	1
712	208	1
256	1723	1
476	805	1
428	1029	1
470	210	1
432	476	1
305	1792	1
259	29	1
168	1444	1
637	849	1
574	423	1
217	389	1
470	224	1
668	1353	1
773	108	1
54	1024	1
81	1924	1
717	603	1
703	1717	1
814	1205	1
596	1474	1
539	1159	1
277	1006	1
595	978	1
592	1699	1
366	1532	1
140	98	1
809	658	1
271	564	1
628	582	1
108	1171	1
143	1554	1
787	136	1
628	1737	1
165	1006	1
726	719	1
812	1791	1
219	1428	1
189	1610	1
271	686	1
312	1660	1
382	502	1
152	2103	1
815	1781	1
397	1781	1
66	735	1
271	1599	1
54	1996	1
578	870	1
494	1564	1
140	1338	1
758	1927	1
789	1265	1
694	1494	1
765	1982	1
765	624	1
812	298	1
162	20	1
478	49	1
517	75	1
421	257	1
208	311	1
526	1828	1
12	306	1
104	826	1
393	1267	1
446	975	1
781	1357	1
628	2074	1
300	1096	1
312	1002	1
284	507	1
402	2075	1
723	1718	1
280	1327	1
437	105	1
680	2083	1
447	1100	1
54	1960	1
397	1482	1
187	1360	1
194	758	1
194	283	1
309	283	1
174	870	1
622	2047	1
54	978	1
497	283	1
710	2047	1
375	1792	1
438	758	1
609	1360	1
446	2047	1
77	2047	1
77	758	1
327	978	1
154	978	1
54	261	1
659	1792	1
394	283	1
333	186	1
736	978	1
37	496	1
318	2047	1
736	496	1
790	1959	1
446	1871	1
446	669	1
446	592	1
288	669	1
288	592	1
203	1453	1
154	261	1
140	20	1
117	1453	1
233	1959	1
492	283	1
736	261	1
168	2047	1
168	758	1
144	758	1
14	13	1
119	1792	1
769	978	1
222	54	1
595	496	1
389	2046	1
737	1871	1
603	2047	1
494	1286	1
619	283	1
636	1621	1
247	1621	1
680	1517	1
672	1517	1
347	1871	1
222	60	1
54	34	1
794	1792	1
279	1871	1
178	2047	1
717	643	1
765	1517	1
595	2046	1
504	283	1
721	1792	1
812	318	1
672	20	1
574	1360	1
578	370	1
494	306	1
222	873	1
694	1895	1
189	420	1
788	2101	1
494	331	1
494	1900	1
222	944	1
595	261	1
168	1871	1
168	669	1
210	1061	1
793	1312	1
215	1871	1
494	1045	1
494	1020	1
597	1517	1
597	20	1
601	1333	1
773	1633	1
465	735	1
812	72	1
217	2046	1
691	1598	1
494	1988	1
463	956	1
179	2009	1
179	1032	1
179	1742	1
769	261	1
115	100	1
115	1189	1
628	1517	1
706	105	1
222	136	1
694	1314	1
796	870	1
111	669	1
210	1485	1
249	874	1
179	1117	1
405	261	1
280	767	1
494	1622	1
494	837	1
672	1139	1
327	34	1
812	1428	1
494	1271	1
494	140	1
494	1102	1
446	912	1
446	1267	1
446	1444	1
446	1348	1
72	54	1
747	1625	1
494	1700	1
694	57	1
336	395	1
735	34	1
197	1809	1
68	364	1
765	1139	1
323	1485	1
323	54	1
325	1204	1
645	182	1
773	726	1
773	64	1
501	1517	1
672	1875	1
773	1542	1
672	1646	1
672	1056	1
694	1567	1
219	588	1
72	538	1
762	1580	1
666	85	1
753	923	1
579	283	1
353	1061	1
494	1494	1
494	1293	1
92	1963	1
121	20	1
266	468	1
280	831	1
331	2097	1
331	273	1
73	47	1
765	1646	1
323	2084	1
765	981	1
765	582	1
494	1420	1
210	2084	1
807	1204	1
737	1759	1
737	1968	1
645	1484	1
578	1122	1
140	976	1
279	1759	1
279	900	1
672	1851	1
628	20	1
672	1737	1
672	2105	1
672	275	1
72	1357	1
222	973	1
694	461	1
208	63	1
325	105	1
325	78	1
325	2103	1
550	105	1
812	1793	1
55	2005	1
55	1060	1
753	391	1
546	142	1
494	1866	1
271	881	1
784	745	1
494	523	1
54	991	1
407	978	1
304	1189	1
304	1312	1
285	1393	1
344	956	1
252	870	1
765	390	1
765	1147	1
8	1817	1
781	60	1
781	1895	1
789	2069	1
578	2000	1
452	978	1
177	496	1
104	1122	1
620	978	1
220	1986	1
494	973	1
814	1124	1
814	1000	1
494	513	1
140	663	1
140	1777	1
574	459	1
153	1809	1
327	878	1
796	1395	1
222	1805	1
747	616	1
694	1422	1
694	1293	1
55	825	1
55	347	1
55	438	1
574	674	1
222	1754	1
783	1794	1
179	937	1
271	2083	1
271	1147	1
694	1976	1
72	1743	1
271	1725	1
271	1737	1
271	1462	1
271	715	1
271	390	1
798	253	1
280	1250	1
494	352	1
446	1413	1
679	283	1
712	1982	1
712	564	1
124	370	1
676	20	1
407	496	1
170	625	1
170	1567	1
170	1700	1
223	1312	1
297	1869	1
174	1451	1
623	819	1
323	1357	1
604	415	1
696	662	1
696	1924	1
256	461	1
415	870	1
197	669	1
210	1743	1
362	978	1
563	978	1
480	1918	1
511	1792	1
147	1986	1
781	538	1
781	1020	1
121	1853	1
447	567	1
745	1869	1
37	878	1
167	591	1
672	1147	1
659	264	1
659	1587	1
174	1280	1
656	496	1
432	735	1
85	74	1
630	1853	1
814	1755	1
168	631	1
672	197	1
617	751	1
617	852	1
494	1754	1
773	1191	1
140	1867	1
550	1988	1
33	828	1
802	1028	1
72	1314	1
97	1987	1
104	1671	1
140	1698	1
578	760	1
694	524	1
158	2061	1
158	820	1
222	42	1
222	140	1
51	1418	1
658	856	1
432	978	1
476	321	1
335	1782	1
494	1175	1
550	755	1
222	1988	1
597	1929	1
491	751	1
293	356	1
18	679	1
124	641	1
712	1411	1
712	934	1
650	1853	1
362	1517	1
362	20	1
432	1709	1
432	1000	1
432	751	1
432	852	1
712	801	1
712	197	1
747	389	1
402	1598	1
446	1639	1
636	1122	1
323	306	1
791	1924	1
765	715	1
210	461	1
87	1793	1
769	1576	1
696	708	1
765	2068	1
765	809	1
597	1702	1
312	1982	1
312	906	1
366	1065	1
312	1646	1
312	1397	1
787	1900	1
235	496	1
235	978	1
487	1817	1
759	496	1
323	292	1
309	545	1
256	306	1
707	1935	1
817	496	1
365	213	1
224	1708	1
518	1863	1
625	956	1
625	874	1
30	978	1
263	954	1
510	1594	1
647	1342	1
476	1061	1
147	8	1
645	936	1
626	2047	1
179	603	1
577	283	1
309	1122	1
578	2019	1
705	1620	1
332	496	1
332	978	1
728	496	1
263	496	1
140	459	1
446	1481	1
812	1050	1
1	34	1
375	1342	1
29	866	1
574	1258	1
256	705	1
256	726	1
347	1413	1
546	1959	1
342	1737	1
342	1462	1
459	1094	1
208	614	1
208	763	1
208	350	1
208	107	1
208	401	1
208	827	1
85	1349	1
121	1384	1
121	1469	1
672	1797	1
630	1096	1
104	1388	1
104	1594	1
414	1851	1
414	1147	1
414	1274	1
414	23	1
617	1773	1
617	1022	1
446	453	1
628	906	1
280	939	1
280	1773	1
280	1741	1
694	1933	1
658	1171	1
494	1729	1
550	2018	1
550	1624	1
550	720	1
550	1503	1
701	1310	1
774	189	1
774	1240	1
773	1449	1
326	281	1
334	1139	1
334	1147	1
694	664	1
694	1273	1
8	1360	1
222	1866	1
597	1568	1
801	2047	1
526	1931	1
765	1018	1
571	492	1
653	1620	1
526	1094	1
574	63	1
574	931	1
90	870	1
158	14	1
158	1615	1
773	1955	1
287	1072	1
494	1656	1
518	596	1
550	1271	1
591	1620	1
509	891	1
518	607	1
441	1893	1
397	1704	1
494	1380	1
550	117	1
60	1594	1
680	1147	1
153	1712	1
153	671	1
153	411	1
271	1151	1
271	2104	1
491	764	1
658	1327	1
801	1267	1
676	1895	1
676	1314	1
676	1020	1
680	1646	1
680	332	1
680	390	1
680	1031	1
680	934	1
476	519	1
519	1342	1
519	1350	1
441	1968	1
597	1314	1
597	1020	1
8	1108	1
491	489	1
491	1550	1
706	391	1
271	1665	1
115	425	1
712	1462	1
712	1655	1
104	1001	1
553	372	1
140	4	1
353	1720	1
712	955	1
712	2013	1
425	923	1
425	140	1
425	78	1
774	1432	1
72	1045	1
256	1401	1
170	992	1
210	1700	1
93	1350	1
81	86	1
812	1121	1
765	1562	1
113	2046	1
726	1240	1
497	492	1
309	1574	1
453	1149	1
312	442	1
312	981	1
818	658	1
312	1147	1
787	1314	1
33	958	1
33	1333	1
487	842	1
636	654	1
584	658	1
470	349	1
765	1457	1
365	273	1
801	514	1
294	898	1
636	2041	1
89	1878	1
715	1393	1
749	1350	1
476	57	1
801	338	1
210	1456	1
266	1205	1
245	774	1
271	2109	1
271	571	1
305	1707	1
762	765	1
607	496	1
701	1671	1
701	1122	1
578	1092	1
578	1283	1
258	1608	1
104	144	1
717	2020	1
121	2002	1
658	338	1
124	1817	1
659	590	1
121	1764	1
347	1481	1
609	896	1
773	1177	1
452	261	1
789	1043	1
789	985	1
789	1509	1
801	620	1
801	498	1
446	1072	1
98	332	1
98	275	1
98	416	1
177	261	1
104	1542	1
620	2058	1
650	1141	1
672	1197	1
278	253	1
342	1655	1
342	275	1
342	1031	1
342	582	1
672	1288	1
206	1713	1
136	2054	1
630	2002	1
8	181	1
210	14	1
758	1395	1
550	566	1
624	34	1
628	1725	1
651	1871	1
651	592	1
616	658	1
578	6	1
72	1779	1
72	136	1
144	1625	1
666	2045	1
574	1423	1
812	1927	1
578	1804	1
804	1001	1
222	835	1
628	2105	1
628	934	1
466	46	1
222	1517	1
280	682	1
814	541	1
334	1411	1
334	1851	1
334	442	1
334	50	1
334	390	1
334	934	1
334	416	1
334	739	1
334	116	1
694	1806	1
59	338	1
572	1935	1
440	109	1
578	1468	1
773	734	1
121	1738	1
224	1867	1
726	1482	1
494	2008	1
397	488	1
121	510	1
140	393	1
54	784	1
54	537	1
271	393	1
712	1205	1
574	756	1
574	1420	1
494	211	1
263	1118	1
763	493	1
489	662	1
489	1924	1
489	1353	1
622	1625	1
271	81	1
694	1493	1
494	1016	1
807	1025	1
807	985	1
807	145	1
41	20	1
55	443	1
680	416	1
140	1462	1
489	210	1
765	670	1
222	992	1
354	591	1
428	1618	1
305	1360	1
184	870	1
774	386	1
153	2063	1
153	1432	1
296	1251	1
441	391	1
280	919	1
542	1094	1
694	1946	1
51	321	1
60	1620	1
491	1858	1
283	344	1
646	1853	1
140	1128	1
140	1448	1
382	1216	1
676	2084	1
410	735	1
694	1380	1
140	1031	1
140	981	1
432	867	1
432	1689	1
353	873	1
726	1781	1
353	1642	1
353	1314	1
597	1779	1
597	805	1
597	136	1
687	1501	1
491	1524	1
578	1108	1
578	1391	1
375	2047	1
765	128	1
574	1625	1
494	1771	1
310	614	1
310	1712	1
216	768	1
216	1376	1
596	1342	1
64	1164	1
712	1056	1
712	50	1
476	1678	1
210	352	1
104	670	1
595	1204	1
802	75	1
263	991	1
174	722	1
491	255	1
491	1373	1
309	783	1
540	1096	1
170	403	1
323	1494	1
107	2046	1
753	1061	1
636	1684	1
578	1155	1
578	759	1
121	497	1
312	809	1
312	955	1
312	984	1
396	768	1
441	1929	1
574	152	1
192	1418	1
491	980	1
135	1116	1
443	1559	1
356	8	1
356	726	1
747	1015	1
672	2046	1
256	132	1
818	1096	1
60	479	1
104	522	1
765	1537	1
525	337	1
568	1321	1
312	1389	1
312	630	1
497	253	1
497	1924	1
593	49	1
256	1293	1
454	468	1
207	261	1
108	245	1
469	1092	1
765	1066	1
224	1458	1
224	1536	1
288	1481	1
69	349	1
689	1575	1
689	1378	1
83	49	1
788	1605	1
104	908	1
309	30	1
309	1883	1
699	1620	1
383	870	1
12	1895	1
12	538	1
335	1671	1
244	1096	1
563	261	1
578	1739	1
578	576	1
578	472	1
721	1817	1
783	444	1
82	1671	1
476	136	1
437	420	1
210	1977	1
210	314	1
82	30	1
450	261	1
104	545	1
815	1671	1
176	2023	1
180	1792	1
210	1345	1
210	2097	1
210	273	1
578	1844	1
225	261	1
570	1100	1
570	1598	1
124	1122	1
578	746	1
781	292	1
715	1608	1
167	1092	1
124	1325	1
773	464	1
121	167	1
788	1287	1
726	1522	1
726	115	1
726	1788	1
773	729	1
645	782	1
597	221	1
121	380	1
121	1315	1
574	1692	1
140	703	1
648	1579	1
648	765	1
789	579	1
645	16	1
256	189	1
809	1096	1
645	1978	1
494	1688	1
342	955	1
342	304	1
342	1106	1
625	93	1
757	1063	1
757	1058	1
34	735	1
342	595	1
208	658	1
121	2081	1
121	241	1
178	1869	1
178	956	1
672	609	1
672	1290	1
672	1004	1
135	2058	1
456	1645	1
574	1047	1
802	72	1
279	5	1
98	81	1
98	98	1
98	1537	1
98	1151	1
494	716	1
140	2088	1
140	1772	1
574	1448	1
466	1347	1
414	649	1
726	294	1
441	702	1
397	1082	1
717	996	1
666	424	1
645	736	1
747	181	1
672	1537	1
208	1423	1
10	20	1
446	1167	1
641	923	1
130	679	1
130	1920	1
418	608	1
121	1277	1
210	2030	1
140	1625	1
208	1893	1
510	1947	1
550	666	1
357	1517	1
101	8	1
101	705	1
101	505	1
773	799	1
495	1620	1
765	1544	1
589	942	1
753	1046	1
753	1988	1
632	679	1
763	2069	1
46	290	1
658	1330	1
617	489	1
617	1170	1
271	412	1
271	1004	1
271	1214	1
271	164	1
271	847	1
397	189	1
280	838	1
280	1441	1
497	1594	1
497	726	1
726	234	1
121	469	1
210	1501	1
280	2081	1
280	241	1
280	1181	1
45	311	1
45	906	1
794	1883	1
347	1496	1
550	495	1
491	158	1
222	1695	1
84	221	1
41	1517	1
816	1001	1
574	253	1
574	86	1
446	1902	1
550	1038	1
199	1853	1
476	1328	1
653	1920	1
277	1920	1
55	1485	1
55	54	1
55	60	1
55	944	1
55	1357	1
633	767	1
140	1581	1
595	442	1
595	582	1
595	311	1
595	1274	1
747	1876	1
175	643	1
574	206	1
84	860	1
140	143	1
54	1675	1
271	1736	1
271	127	1
81	1047	1
680	801	1
491	1702	1
19	1800	1
19	286	1
758	369	1
441	140	1
476	1551	1
747	1209	1
680	955	1
210	573	1
210	1800	1
446	1631	1
446	976	1
609	454	1
8	18	1
418	176	1
418	1458	1
489	1716	1
489	1096	1
773	338	1
773	68	1
393	165	1
208	792	1
765	609	1
765	1112	1
765	989	1
476	1734	1
476	1014	1
106	2061	1
327	1982	1
327	564	1
327	311	1
382	70	1
568	1092	1
747	2062	1
81	1267	1
726	736	1
694	1877	1
140	903	1
321	261	1
794	1490	1
794	1955	1
140	275	1
280	1540	1
271	717	1
271	2005	1
256	1651	1
613	1501	1
60	1920	1
774	464	1
712	393	1
491	511	1
491	610	1
159	510	1
159	1775	1
494	367	1
140	1792	1
418	26	1
418	720	1
418	1002	1
418	336	1
526	507	1
170	2084	1
765	2074	1
580	679	1
658	1958	1
126	1096	1
126	210	1
758	75	1
765	231	1
382	305	1
382	2014	1
808	1411	1
808	1139	1
747	1959	1
676	1465	1
491	1443	1
216	264	1
216	1396	1
775	870	1
3	331	1
794	1937	1
658	557	1
443	596	1
494	524	1
256	846	1
547	658	1
547	660	1
292	261	1
162	1517	1
112	2054	1
789	261	1
181	1077	1
574	798	1
613	2005	1
597	292	1
144	1108	1
17	442	1
17	1982	1
17	582	1
17	955	1
17	1147	1
17	801	1
363	1316	1
363	526	1
446	1109	1
87	2041	1
138	2101	1
432	1443	1
512	735	1
224	1998	1
709	774	1
323	943	1
323	524	1
309	1276	1
765	2090	1
765	847	1
765	1795	1
765	39	1
765	834	1
457	1535	1
694	952	1
273	105	1
543	1350	1
531	679	1
526	2103	1
323	805	1
590	615	1
590	1458	1
54	1818	1
256	1929	1
256	54	1
119	249	1
81	445	1
81	1108	1
418	1046	1
418	1988	1
418	858	1
312	739	1
312	711	1
146	1360	1
446	1816	1
374	1396	1
374	1587	1
374	1141	1
497	898	1
574	1981	1
574	41	1
574	1200	1
574	626	1
794	1001	1
650	167	1
328	261	1
814	878	1
396	931	1
712	1457	1
491	324	1
282	1517	1
280	963	1
518	2046	1
700	175	1
8	596	1
310	2063	1
496	264	1
496	1396	1
310	401	1
310	827	1
663	684	1
312	1457	1
508	1878	1
169	5	1
382	418	1
583	144	1
583	30	1
397	670	1
801	1136	1
12	42	1
12	1494	1
12	1805	1
12	326	1
12	1815	1
12	1364	1
309	1639	1
441	2084	1
441	1895	1
222	433	1
240	1886	1
19	698	1
323	461	1
366	621	1
215	679	1
591	1920	1
584	2002	1
584	257	1
756	703	1
469	105	1
497	708	1
578	234	1
256	523	1
544	1759	1
544	1311	1
170	1771	1
159	551	1
140	1008	1
3	1420	1
737	1481	1
491	507	1
387	2111	1
456	224	1
287	1792	1
636	734	1
356	1574	1
140	1535	1
421	1096	1
249	666	1
659	1291	1
659	1707	1
12	2084	1
569	1792	1
379	1265	1
769	1094	1
312	1158	1
441	1423	1
486	290	1
205	126	1
40	958	1
54	146	1
266	1943	1
309	654	1
578	1081	1
783	156	1
765	196	1
289	1189	1
104	1609	1
147	1410	1
147	1808	1
96	1606	1
476	306	1
476	585	1
562	261	1
783	261	1
103	261	1
781	1048	1
260	669	1
260	592	1
770	1871	1
271	923	1
271	1271	1
147	1782	1
761	483	1
177	181	1
177	698	1
815	1113	1
578	1340	1
607	261	1
256	658	1
433	1882	1
124	2078	1
507	679	1
345	261	1
724	1620	1
263	261	1
645	1424	1
124	536	1
709	1449	1
100	330	1
100	680	1
812	812	1
812	1260	1
220	1542	1
816	1113	1
816	670	1
578	534	1
574	1057	1
645	1922	1
701	301	1
510	1671	1
104	1108	1
73	1662	1
73	1606	1
574	1350	1
709	144	1
142	710	1
812	193	1
574	1011	1
574	38	1
468	49	1
519	1610	1
685	276	1
121	1836	1
446	1092	1
717	1431	1
789	337	1
162	674	1
773	857	1
280	1063	1
222	15	1
574	1661	1
809	167	1
492	93	1
550	296	1
167	1817	1
342	1214	1
342	803	1
342	237	1
446	1847	1
672	834	1
144	246	1
773	101	1
140	310	1
140	690	1
9	1449	1
206	1986	1
494	1456	1
747	1339	1
135	1329	1
670	366	1
98	1066	1
658	93	1
167	1508	1
550	211	1
801	856	1
672	353	1
783	1540	1
789	832	1
685	1752	1
382	1222	1
672	158	1
672	133	1
136	475	1
328	2002	1
239	551	1
561	1360	1
813	1205	1
115	1971	1
62	1001	1
719	691	1
719	1988	1
217	1625	1
706	1278	1
706	191	1
473	1240	1
672	164	1
597	1181	1
414	39	1
140	1313	1
624	878	1
381	1724	1
381	297	1
726	1490	1
609	1625	1
98	521	1
98	1004	1
98	803	1
98	1795	1
411	1620	1
222	1016	1
262	1096	1
574	554	1
807	91	1
807	1842	1
774	151	1
375	220	1
310	1793	1
217	881	1
726	1502	1
494	881	1
628	686	1
628	231	1
628	143	1
271	1107	1
256	587	1
487	591	1
45	50	1
45	390	1
224	858	1
8	1467	1
670	849	1
414	762	1
414	668	1
280	473	1
669	312	1
669	1894	1
669	501	1
45	197	1
45	1446	1
774	1019	1
648	1625	1
773	1408	1
773	1464	1
287	912	1
287	1444	1
287	1215	1
287	963	1
287	1327	1
708	1920	1
683	1298	1
616	257	1
140	1843	1
628	715	1
201	525	1
807	2098	1
546	2075	1
309	101	1
441	1241	1
441	1731	1
476	714	1
121	1442	1
158	1529	1
672	116	1
550	864	1
550	414	1
697	1663	1
806	1759	1
617	1026	1
617	907	1
617	1500	1
648	1581	1
59	93	1
742	127	1
323	1992	1
617	1524	1
617	324	1
617	398	1
446	1549	1
301	54	1
301	1357	1
672	891	1
578	3	1
550	525	1
774	1082	1
758	248	1
55	461	1
222	1821	1
574	885	1
773	1596	1
172	1184	1
694	532	1
780	2097	1
780	24	1
494	728	1
280	612	1
518	2054	1
672	655	1
672	762	1
672	757	1
773	1595	1
447	1122	1
152	176	1
814	2058	1
446	948	1
140	2075	1
271	677	1
271	1103	1
271	794	1
574	1863	1
329	1923	1
769	2069	1
274	679	1
397	363	1
397	1078	1
397	144	1
397	719	1
397	64	1
327	1892	1
121	2079	1
140	1914	1
628	197	1
518	2073	1
518	1850	1
678	337	1
474	60	1
199	660	1
199	1096	1
765	2080	1
617	1755	1
222	1994	1
222	259	1
222	553	1
140	786	1
382	465	1
595	881	1
595	955	1
595	1415	1
668	253	1
668	222	1
3	15	1
613	1060	1
680	1009	1
680	1733	1
680	1544	1
226	2058	1
222	1397	1
646	1906	1
140	1891	1
382	849	1
423	1050	1
423	683	1
256	217	1
76	1079	1
168	1619	1
208	981	1
208	1875	1
208	582	1
208	304	1
208	197	1
491	1303	1
491	1733	1
491	133	1
491	633	1
491	1355	1
491	1067	1
773	713	1
152	1271	1
726	58	1
726	759	1
595	1527	1
271	141	1
776	2024	1
574	1846	1
8	190	1
418	1974	1
750	829	1
614	36	1
614	575	1
443	1875	1
443	98	1
220	100	1
220	1189	1
140	920	1
444	1353	1
347	790	1
502	1708	1
524	1892	1
220	1517	1
814	77	1
594	303	1
743	942	1
751	1092	1
353	444	1
546	1517	1
773	115	1
287	1171	1
765	1670	1
476	1162	1
476	1127	1
328	1517	1
646	660	1
121	1568	1
325	691	1
325	1988	1
518	674	1
518	63	1
574	156	1
574	1341	1
470	954	1
659	66	1
658	540	1
558	370	1
726	68	1
54	650	1
201	1285	1
393	2003	1
439	1122	1
808	2068	1
808	739	1
808	98	1
808	1066	1
808	2104	1
808	23	1
672	819	1
578	1991	1
680	1801	1
774	726	1
532	1735	1
532	1377	1
812	938	1
553	140	1
553	78	1
446	1240	1
807	1889	1
619	1920	1
170	1045	1
356	1517	1
210	140	1
210	2103	1
54	10	1
54	1070	1
54	547	1
87	1113	1
672	1959	1
578	102	1
271	1446	1
271	1176	1
256	1699	1
256	420	1
574	848	1
779	914	1
81	1128	1
597	1642	1
597	218	1
522	1587	1
522	1141	1
535	1213	1
765	806	1
765	1856	1
497	856	1
441	471	1
810	72	1
801	1062	1
518	454	1
256	1688	1
256	770	1
751	569	1
613	1220	1
659	1239	1
132	672	1
814	36	1
123	1784	1
747	1313	1
747	2029	1
747	482	1
574	2056	1
3	585	1
794	2026	1
353	459	1
147	752	1
147	1519	1
807	579	1
659	1496	1
17	1411	1
17	1725	1
17	332	1
17	1655	1
17	416	1
17	809	1
323	844	1
397	56	1
590	372	1
126	122	1
794	8	1
88	1295	1
680	1959	1
509	1092	1
170	1516	1
476	1322	1
508	1610	1
657	126	1
222	1456	1
222	314	1
335	614	1
335	1712	1
335	350	1
273	140	1
547	2002	1
256	105	1
256	140	1
639	919	1
686	1708	1
765	1793	1
497	1609	1
251	1853	1
211	2046	1
726	29	1
300	32	1
300	122	1
140	304	1
140	455	1
680	1819	1
680	1214	1
774	977	1
208	355	1
527	1641	1
520	2054	1
335	1240	1
574	20	1
353	973	1
503	1128	1
503	389	1
787	1293	1
787	1187	1
787	1771	1
413	1868	1
476	1181	1
217	216	1
348	359	1
339	1265	1
335	856	1
482	1169	1
622	460	1
170	1196	1
294	224	1
372	1679	1
382	166	1
271	1719	1
783	1499	1
586	1265	1
586	2058	1
586	84	1
491	1471	1
309	1861	1
596	445	1
813	512	1
676	1139	1
466	385	1
66	1840	1
522	1777	1
310	1	1
636	1240	1
428	1822	1
428	487	1
494	1027	1
494	236	1
439	820	1
266	1950	1
632	1271	1
632	140	1
632	78	1
755	748	1
224	140	1
507	819	1
631	1433	1
220	321	1
204	246	1
271	510	1
278	1906	1
278	1716	1
143	520	1
143	1371	1
512	77	1
294	995	1
12	523	1
335	1502	1
54	1681	1
574	1488	1
353	1602	1
503	1100	1
208	2071	1
716	364	1
756	1164	1
323	1754	1
725	1514	1
108	1694	1
168	962	1
573	2103	1
121	258	1
814	1147	1
814	1274	1
140	124	1
518	882	1
753	2084	1
753	1895	1
585	1631	1
81	2062	1
60	1716	1
60	660	1
742	1964	1
441	1642	1
26	2015	1
210	1608	1
87	763	1
87	1712	1
87	350	1
87	411	1
595	1248	1
86	1608	1
256	1485	1
539	1587	1
539	1141	1
66	645	1
434	395	1
434	420	1
553	1823	1
553	1727	1
323	664	1
12	1273	1
106	1608	1
549	1276	1
549	1993	1
525	386	1
496	1686	1
705	1379	1
753	2044	1
143	181	1
143	156	1
143	1780	1
619	726	1
729	1315	1
815	917	1
266	1741	1
266	852	1
266	2108	1
266	1022	1
72	1401	1
353	923	1
465	584	1
465	1387	1
465	1203	1
309	600	1
309	618	1
56	245	1
56	808	1
56	1425	1
56	1390	1
56	450	1
335	234	1
814	1655	1
814	390	1
723	1030	1
723	1888	1
723	297	1
574	1433	1
574	201	1
192	1762	1
33	1271	1
33	140	1
765	655	1
210	1622	1
54	413	1
54	1756	1
87	229	1
611	658	1
116	75	1
108	1270	1
72	1877	1
585	1491	1
597	1182	1
597	1279	1
597	1744	1
590	1716	1
815	1793	1
327	384	1
327	1199	1
421	660	1
279	1171	1
491	343	1
811	246	1
237	552	1
237	1030	1
237	1888	1
237	1585	1
467	1635	1
12	57	1
508	1539	1
446	911	1
108	1371	1
578	1597	1
271	184	1
147	949	1
296	224	1
296	349	1
273	755	1
379	597	1
687	497	1
688	338	1
553	1006	1
538	1738	1
87	1192	1
155	849	1
783	389	1
783	1448	1
45	1650	1
652	1096	1
170	62	1
666	426	1
590	257	1
224	1153	1
224	1627	1
592	958	1
592	420	1
684	679	1
699	679	1
699	1006	1
105	1006	1
54	1837	1
393	1413	1
287	563	1
240	937	1
392	1933	1
392	326	1
392	1814	1
392	664	1
392	403	1
244	1764	1
525	1793	1
787	805	1
172	360	1
600	1973	1
54	313	1
751	161	1
21	1357	1
147	1276	1
588	705	1
588	726	1
583	1793	1
14	77	1
685	774	1
446	1372	1
591	708	1
591	86	1
96	1662	1
96	47	1
161	210	1
21	1929	1
179	1281	1
464	401	1
464	48	1
439	2000	1
205	849	1
200	1329	1
781	1572	1
781	1129	1
781	314	1
476	1364	1
799	1096	1
638	1265	1
638	597	1
638	1329	1
638	84	1
666	1898	1
248	1096	1
747	1454	1
747	777	1
320	1321	1
761	16	1
340	415	1
545	1194	1
545	542	1
761	1487	1
147	857	1
147	1429	1
590	660	1
578	305	1
147	734	1
439	591	1
129	1920	1
601	1825	1
781	1716	1
104	1525	1
104	882	1
781	1263	1
812	1835	1
191	1920	1
435	1620	1
578	1884	1
37	1892	1
701	2026	1
578	99	1
104	1246	1
124	260	1
578	967	1
701	1406	1
773	1406	1
701	1240	1
812	1190	1
95	2026	1
142	431	1
124	3	1
561	1782	1
179	1667	1
789	1297	1
789	439	1
136	970	1
124	796	1
207	1853	1
207	1096	1
