619	1310	1
712	224	1
122	658	1
170	1187	1
312	934	1
432	1170	1
753	1271	1
111	592	1
409	1057	1
39	1350	1
140	1562	1
494	858	1
574	657	1
578	1545	1
82	1221	1
328	20	1
210	1642	1
491	168	1
694	331	1
747	1517	1
263	1211	1
809	660	1
476	233	1
208	768	1
98	686	1
337	978	1
312	1056	1
718	415	1
66	161	1
12	524	1
208	48	1
426	631	1
121	1201	1
446	1905	1
712	1792	1
787	1020	1
222	1643	1
312	275	1
553	528	1
222	391	1
446	537	1
222	1020	1
578	949	1
491	1741	1
236	629	1
796	1901	1
503	1496	1
323	1815	1
441	454	1
801	40	1
414	1982	1
82	1122	1
550	555	1
494	1658	1
446	1710	1
323	625	1
312	1446	1
551	508	1
597	1450	1
723	1939	1
491	476	1
701	1594	1
641	140	1
526	607	1
717	1880	1
525	1003	1
397	1388	1
576	1205	1
174	1098	1
526	113	1
418	1495	1
323	2099	1
619	2026	1
636	1490	1
328	1716	1
263	180	1
94	72	1
87	856	1
683	1940	1
220	1356	1
121	61	1
765	311	1
601	1699	1
353	54	1
400	126	1
98	1462	1
342	984	1
88	931	1
98	412	1
233	1918	1
244	1906	1
597	844	1
789	175	1
179	87	1
648	1551	1
818	2002	1
397	1120	1
580	1204	1
263	804	1
64	454	1
271	1149	1
476	872	1
494	57	1
578	396	1
694	973	1
54	1576	1
141	2000	1
537	496	1
112	1530	1
241	1869	1
774	1671	1
672	1733	1
512	542	1
578	1224	1
787	1567	1
81	1353	1
577	1625	1
580	1892	1
266	1889	1
208	885	1
578	1504	1
701	30	1
222	596	1
773	1404	1
788	1957	1
334	1274	1
739	958	1
124	1861	1
680	1415	1
271	1797	1
334	1725	1
256	817	1
501	1959	1
91	1171	1
666	2020	1
334	1066	1
42	1620	1
765	984	1
525	1788	1
628	1411	1
342	934	1
147	1594	1
726	938	1
353	1517	1
544	1824	1
508	1608	1
818	32	1
55	546	1
12	1929	1
19	868	1
574	616	1
639	692	1
8	148	1
715	309	1
284	615	1
421	210	1
140	926	1
594	963	1
574	113	1
440	978	1
256	1380	1
765	20	1
162	117	1
595	768	1
312	1737	1
387	1825	1
783	1302	1
613	1440	1
271	176	1
494	105	1
787	992	1
336	1610	1
280	2010	1
564	1749	1
119	201	1
763	1063	1
179	1841	1
535	1030	1
120	2058	1
441	20	1
280	1589	1
280	252	1
440	496	1
550	2103	1
341	301	1
55	1314	1
55	1700	1
151	1672	1
112	1164	1
628	1274	1
573	105	1
694	1485	1
331	1052	1
717	1032	1
476	610	1
444	662	1
241	1100	1
584	210	1
56	97	1
597	1061	1
309	1597	1
474	1895	1
287	758	1
211	415	1
702	1809	1
808	311	1
300	1853	1
55	2084	1
43	364	1
323	1567	1
578	243	1
628	50	1
814	1051	1
578	641	1
446	514	1
456	1646	1
798	86	1
801	1215	1
78	1535	1
712	389	1
814	978	1
652	257	1
491	1773	1
436	1334	1
365	1345	1
650	660	1
789	1063	1
140	332	1
597	54	1
609	2062	1
402	494	1
240	426	1
214	1453	1
12	1422	1
272	283	1
808	711	1
456	393	1
613	717	1
677	2021	1
765	1113	1
17	881	1
256	835	1
446	1820	1
815	144	1
596	2062	1
443	2083	1
332	261	1
17	1360	1
765	275	1
578	656	1
127	1321	1
765	531	1
628	1415	1
765	1233	1
717	1751	1
672	847	1
54	1881	1
622	283	1
311	1792	1
494	1806	1
294	13	1
349	1461	1
210	728	1
729	32	1
356	2041	1
706	319	1
553	858	1
147	1336	1
494	1526	1
491	1645	1
147	1584	1
625	567	1
425	2103	1
491	1705	1
140	1104	1
168	1171	1
787	1815	1
42	1920	1
701	734	1
254	758	1
162	1654	1
292	496	1
751	735	1
578	685	1
578	796	1
811	109	1
476	716	1
208	660	1
312	608	1
680	809	1
287	1360	1
510	1986	1
397	2091	1
300	2002	1
446	983	1
603	1515	1
158	1588	1
394	1360	1
17	2068	1
147	2059	1
271	247	1
648	1777	1
438	2047	1
501	444	1
393	1621	1
659	1871	1
222	1929	1
36	1727	1
487	1350	1
216	1159	1
799	210	1
256	1388	1
659	1336	1
208	2046	1
2	1521	1
263	552	1
140	946	1
121	77	1
288	1869	1
788	840	1
672	1112	1
595	801	1
774	1192	1
216	474	1
794	1594	1
753	329	1
104	337	1
178	567	1
140	416	1
222	1472	1
140	172	1
84	1344	1
309	938	1
595	1376	1
726	1542	1
228	2007	1
222	1877	1
518	1109	1
814	285	1
814	1741	1
348	1571	1
680	1310	1
755	415	1
55	873	1
226	597	1
694	1637	1
814	1398	1
527	978	1
639	698	1
747	20	1
121	210	1
179	345	1
444	86	1
230	84	1
312	495	1
393	1348	1
323	1720	1
600	1089	1
382	855	1
578	818	1
140	692	1
764	261	1
87	1542	1
25	1982	1
672	412	1
546	1122	1
773	1426	1
773	1831	1
518	1958	1
45	416	1
439	370	1
54	1093	1
494	1929	1
774	1276	1
712	906	1
670	1449	1
140	1725	1
664	1475	1
47	574	1
121	1369	1
54	627	1
609	881	1
574	666	1
381	821	1
111	1871	1
280	1131	1
643	261	1
54	1037	1
680	906	1
309	505	1
726	1276	1
686	615	1
84	1535	1
820	448	1
342	1056	1
147	987	1
110	1598	1
794	1122	1
140	1989	1
19	976	1
356	591	1
206	913	1
256	42	1
414	1415	1
605	608	1
418	615	1
38	898	1
177	459	1
111	1327	1
210	1440	1
412	679	1
8	459	1
12	546	1
526	1370	1
179	262	1
533	1997	1
8	858	1
208	240	1
256	2008	1
788	644	1
765	764	1
578	2078	1
494	391	1
807	377	1
140	1631	1
222	1622	1
280	883	1
397	234	1
357	325	1
499	1971	1
574	1254	1
264	591	1
222	1376	1
85	1727	1
597	241	1
342	1457	1
494	1364	1
448	978	1
392	1771	1
210	551	1
619	64	1
3	1357	1
765	882	1
431	978	1
208	1772	1
222	844	1
574	365	1
560	1959	1
751	591	1
659	975	1
774	827	1
308	1784	1
680	128	1
717	1841	1
574	2075	1
3	221	1
692	1335	1
595	1666	1
234	804	1
271	711	1
510	705	1
300	658	1
676	1286	1
287	338	1
694	306	1
535	1553	1
513	657	1
133	2046	1
81	338	1
237	821	1
397	1684	1
650	1716	1
574	1215	1
632	923	1
578	1786	1
476	1485	1
491	1170	1
773	1361	1
342	1446	1
485	142	1
12	54	1
207	257	1
491	1570	1
174	1901	1
578	1084	1
163	140	1
712	582	1
225	496	1
414	984	1
244	257	1
694	1357	1
334	1801	1
441	1908	1
222	716	1
441	78	1
765	442	1
804	2027	1
694	382	1
807	261	1
672	564	1
271	199	1
546	1098	1
397	153	1
60	1096	1
507	1517	1
788	2111	1
356	719	1
87	1784	1
781	658	1
636	1336	1
747	2054	1
140	1517	1
774	671	1
446	1496	1
381	1718	1
553	2103	1
121	1096	1
583	1210	1
576	349	1
808	1725	1
578	1732	1
765	412	1
441	1485	1
309	1584	1
494	1851	1
465	2060	1
710	1967	1
812	1504	1
773	758	1
271	749	1
762	1287	1
584	1096	1
356	753	1
476	1754	1
812	248	1
773	742	1
440	261	1
124	667	1
194	2047	1
12	943	1
178	283	1
645	1065	1
17	1139	1
597	2081	1
104	64	1
446	905	1
774	1955	1
705	1006	1
712	1066	1
222	2025	1
110	1100	1
650	1906	1
578	1609	1
406	1050	1
158	770	1
773	680	1
309	917	1
418	923	1
327	197	1
170	352	1
813	243	1
167	1001	1
764	496	1
17	197	1
168	912	1
153	107	1
271	1655	1
303	1784	1
220	856	1
87	1879	1
25	582	1
140	2056	1
193	468	1
439	1401	1
753	54	1
683	1707	1
323	546	1
279	1413	1
768	808	1
796	1280	1
108	466	1
414	757	1
490	1571	1
787	1720	1
147	824	1
550	885	1
535	1907	1
727	13	1
578	540	1
526	1143	1
765	416	1
381	1862	1
170	1929	1
14	1641	1
748	261	1
774	1257	1
574	1236	1
338	2057	1
814	1725	1
347	1792	1
98	20	1
774	1482	1
762	484	1
185	496	1
279	598	1
81	222	1
224	302	1
104	488	1
769	2098	1
783	919	1
336	420	1
697	1433	1
747	1448	1
2	1620	1
262	1853	1
271	349	1
814	1985	1
393	1871	1
414	1655	1
765	2104	1
712	416	1
45	1031	1
764	1726	1
217	2087	1
170	331	1
573	1988	1
428	909	1
216	819	1
774	348	1
121	1648	1
521	856	1
222	1436	1
794	1809	1
140	1049	1
104	189	1
220	976	1
334	332	1
636	1781	1
210	973	1
694	1743	1
208	594	1
342	801	1
201	261	1
222	858	1
578	829	1
219	568	1
55	1494	1
491	1985	1
222	1720	1
119	1433	1
484	75	1
131	49	1
210	1020	1
203	1350	1
20	1458	1
185	175	1
578	536	1
144	283	1
672	749	1
271	232	1
201	1211	1
751	1812	1
295	747	1
327	1555	1
801	617	1
510	734	1
503	912	1
494	1244	1
208	1145	1
476	54	1
402	1852	1
82	144	1
672	698	1
428	119	1
491	1009	1
464	763	1
376	74	1
342	1139	1
373	922	1
87	1240	1
104	1336	1
751	349	1
256	1588	1
256	1483	1
572	483	1
648	816	1
694	1695	1
660	991	1
694	1622	1
787	42	1
597	873	1
467	85	1
66	1774	1
153	763	1
672	1655	1
706	1583	1
233	629	1
335	1122	1
479	388	1
25	1274	1
312	1046	1
266	1068	1
668	86	1
220	1793	1
494	817	1
256	538	1
765	304	1
695	13	1
808	906	1
747	1817	1
761	678	1
473	734	1
595	981	1
374	1021	1
550	831	1
179	1751	1
510	826	1
179	282	1
170	1364	1
574	1763	1
717	1898	1
170	1976	1
216	1587	1
545	1614	1
124	1781	1
248	210	1
674	1764	1
396	1376	1
756	221	1
617	51	1
774	337	1
98	221	1
334	23	1
397	833	1
467	1117	1
726	789	1
580	261	1
443	197	1
461	856	1
230	2058	1
624	1271	1
142	1853	1
98	304	1
168	1515	1
551	814	1
220	560	1
760	958	1
72	1465	1
170	523	1
158	1911	1
179	1909	1
0	1571	1
553	1349	1
397	1075	1
712	2090	1
15	1879	1
712	571	1
766	1942	1
494	403	1
137	283	1
783	1341	1
812	75	1
210	1465	1
81	592	1
574	1809	1
807	2069	1
673	496	1
130	1620	1
402	658	1
781	873	1
407	261	1
633	1108	1
210	1060	1
3	1720	1
87	1671	1
124	2106	1
397	908	1
197	1057	1
693	338	1
121	768	1
550	691	1
494	1785	1
578	512	1
8	1008	1
747	1128	1
309	386	1
773	1003	1
271	116	1
578	743	1
787	1465	1
190	1620	1
497	1882	1
108	1926	1
508	2072	1
140	347	1
550	317	1
287	1868	1
287	82	1
446	1445	1
600	415	1
414	390	1
646	658	1
659	1189	1
152	78	1
244	167	1
491	609	1
807	34	1
491	872	1
701	1113	1
491	867	1
234	634	1
87	545	1
309	734	1
72	2084	1
2	679	1
645	432	1
373	1608	1
768	551	1
147	1993	1
462	750	1
418	2049	1
753	105	1
167	209	1
808	1646	1
689	436	1
402	1959	1
578	2	1
537	261	1
334	881	1
104	1113	1
497	1240	1
443	2046	1
144	1341	1
312	1988	1
266	1689	1
723	552	1
791	662	1
747	18	1
336	958	1
773	587	1
151	1360	1
650	210	1
510	8	1
578	734	1
217	1448	1
33	923	1
666	1838	1
578	1923	1
494	992	1
503	1413	1
598	898	1
726	713	1
494	1357	1
753	1743	1
550	1551	1
381	1585	1
446	1305	1
652	1853	1
668	708	1
595	1863	1
280	417	1
494	1757	1
808	1151	1
491	1358	1
296	878	1
630	660	1
280	468	1
347	1868	1
366	2034	1
23	2047	1
140	521	1
443	906	1
125	758	1
574	669	1
596	616	1
266	939	1
310	1257	1
312	1462	1
578	636	1
297	874	1
768	337	1
342	442	1
256	1671	1
271	1982	1
414	1966	1
271	23	1
408	1963	1
815	1240	1
414	13	1
418	2018	1
783	20	1
694	844	1
591	679	1
494	1002	1
140	412	1
769	43	1
694	60	1
491	9	1
666	307	1
701	856	1
237	1939	1
727	898	1
17	1151	1
446	620	1
574	912	1
222	532	1
680	1411	1
323	331	1
438	283	1
224	221	1
342	197	1
655	1625	1
140	1174	1
256	1282	1
487	1342	1
573	391	1
747	885	1
665	1871	1
280	1386	1
91	93	1
680	1725	1
470	261	1
565	1863	1
546	20	1
37	261	1
140	1501	1
807	1604	1
342	749	1
3	768	1
325	1102	1
680	806	1
534	186	1
801	1868	1
494	691	1
294	475	1
645	1300	1
342	1288	1
494	923	1
104	1078	1
747	775	1
98	715	1
476	944	1
765	444	1
561	200	1
2	1665	1
342	906	1
97	658	1
222	1187	1
808	881	1
477	574	1
233	1360	1
217	768	1
466	2042	1
491	2094	1
577	596	1
694	1436	1
812	588	1
375	71	1
77	93	1
765	1106	1
760	420	1
334	1646	1
325	140	1
222	1895	1
186	1959	1
309	189	1
414	1151	1
781	1485	1
773	1793	1
222	1572	1
432	346	1
140	1893	1
769	175	1
773	913	1
374	1159	1
556	745	1
812	293	1
88	596	1
147	726	1
179	797	1
379	1292	1
309	913	1
135	84	1
202	1959	1
701	1449	1
730	290	1
672	1055	1
256	1771	1
434	1699	1
56	1926	1
474	1929	1
353	1622	1
658	455	1
783	1338	1
216	370	1
617	468	1
158	1569	1
147	1122	1
66	1702	1
334	1151	1
796	1028	1
739	1699	1
672	39	1
402	1869	1
394	1792	1
140	906	1
476	869	1
256	1793	1
545	95	1
753	691	1
208	392	1
531	1620	1
366	394	1
168	606	1
820	1959	1
676	1900	1
808	1655	1
578	1730	1
476	546	1
463	1100	1
342	1274	1
229	142	1
446	100	1
98	311	1
267	54	1
8	896	1
140	1198	1
149	1935	1
510	1584	1
170	306	1
617	1889	1
685	990	1
773	1728	1
780	1052	1
443	981	1
310	671	1
344	1530	1
765	1851	1
399	1918	1
763	1058	1
54	1211	1
788	437	1
670	2027	1
59	2047	1
441	54	1
199	658	1
628	1462	1
625	1598	1
168	1166	1
602	1563	1
491	1534	1
167	908	1
375	1057	1
443	1147	1
418	1244	1
679	758	1
424	958	1
765	1736	1
674	1906	1
424	420	1
12	461	1
54	1724	1
446	1931	1
692	1959	1
636	908	1
797	758	1
701	726	1
446	1578	1
111	1215	1
414	955	1
87	406	1
574	2062	1
595	240	1
140	1288	1
334	275	1
20	1517	1
222	805	1
263	1030	1
441	923	1
672	2090	1
801	798	1
158	2038	1
773	1490	1
814	582	1
283	608	1
472	1918	1
208	1376	1
54	562	1
814	1022	1
622	46	1
8	885	1
237	297	1
284	1374	1
189	689	1
256	585	1
45	881	1
747	1849	1
222	1061	1
366	736	1
574	592	1
769	1986	1
680	50	1
446	1958	1
691	567	1
375	919	1
751	1617	1
222	1494	1
244	32	1
342	711	1
250	978	1
397	1791	1
812	369	1
418	78	1
98	390	1
208	1505	1
174	330	1
414	2068	1
814	261	1
709	1633	1
126	207	1
287	669	1
652	660	1
140	1965	1
441	1621	1
620	496	1
170	1805	1
473	1986	1
55	1976	1
3	2084	1
309	1626	1
186	1600	1
794	1388	1
291	385	1
256	789	1
72	973	1
527	496	1
24	1428	1
540	1716	1
774	1633	1
17	715	1
287	1337	1
125	283	1
222	1658	1
672	2068	1
645	678	1
672	543	1
66	344	1
526	783	1
550	1164	1
147	1883	1
519	395	1
814	476	1
680	1004	1
705	20	1
3	218	1
297	1100	1
497	1597	1
613	1800	1
414	981	1
54	1892	1
376	1727	1
72	873	1
765	332	1
296	898	1
140	118	1
428	277	1
476	331	1
726	1633	1
627	20	1
494	2079	1
17	2083	1
405	878	1
256	1610	1
140	731	1
208	1853	1
280	2031	1
98	1562	1
140	1446	1
140	1566	1
208	1941	1
61	34	1
802	1395	1
595	1568	1
628	955	1
574	283	1
170	132	1
650	1159	1
414	2104	1
208	596	1
34	1999	1
330	13	1
309	2047	1
540	2002	1
609	1792	1
518	444	1
648	712	1
672	1009	1
495	679	1
553	1536	1
179	996	1
441	1517	1
296	1878	1
309	1782	1
294	1641	1
774	1594	1
279	1360	1
418	495	1
312	416	1
549	886	1
694	358	1
787	1929	1
814	161	1
307	1449	1
13	93	1
497	189	1
55	573	1
574	1230	1
659	533	1
694	326	1
791	253	1
256	2038	1
550	674	1
393	1481	1
528	1366	1
143	692	1
491	1290	1
208	454	1
578	1916	1
289	1291	1
619	505	1
553	1458	1
717	345	1
700	831	1
408	745	1
392	943	1
494	1263	1
12	1485	1
787	585	1
271	803	1
754	767	1
55	1757	1
806	1968	1
72	1402	1
140	881	1
281	1899	1
574	845	1
222	2079	1
672	221	1
288	567	1
222	171	1
512	1645	1
550	404	1
140	1565	1
402	953	1
574	1414	1
691	1100	1
636	856	1
163	923	1
296	34	1
72	659	1
312	1503	1
446	1930	1
112	1100	1
765	1797	1
773	1071	1
210	1569	1
181	830	1
592	1610	1
807	1741	1
263	978	1
112	567	1
747	1565	1
208	1625	1
518	1772	1
28	1171	1
243	2047	1
726	886	1
643	978	1
140	375	1
414	2090	1
813	507	1
402	1336	1
168	1477	1
620	1265	1
526	870	1
774	1113	1
210	292	1
659	283	1
104	856	1
271	1558	1
764	978	1
81	1621	1
363	440	1
773	29	1
447	1663	1
726	1193	1
327	1492	1
8	445	1
85	1823	1
658	1444	1
588	1594	1
644	1868	1
634	95	1
158	1282	1
418	1367	1
515	774	1
794	557	1
323	1700	1
659	1360	1
773	1028	1
552	1321	1
143	808	1
680	20	1
121	2077	1
104	949	1
149	16	1
773	600	1
45	551	1
783	172	1
603	1413	1
309	83	1
323	1762	1
687	474	1
201	1724	1
144	1423	1
453	1319	1
520	201	1
434	1610	1
446	1086	1
256	992	1
602	399	1
222	1779	1
450	978	1
464	671	1
494	132	1
773	833	1
104	833	1
815	1019	1
44	290	1
288	1871	1
597	206	1
182	1679	1
397	1793	1
221	261	1
513	661	1
334	711	1
701	785	1
728	261	1
550	1209	1
334	947	1
658	1523	1
356	1122	1
578	999	1
588	1388	1
175	1010	1
494	1814	1
309	826	1
672	1982	1
492	2047	1
526	1271	1
342	1004	1
717	424	1
323	1743	1
765	164	1
250	1204	1
578	291	1
476	1314	1
344	2054	1
147	1833	1
686	1775	1
491	1507	1
280	1944	1
144	459	1
616	660	1
644	498	1
334	801	1
136	1225	1
144	1160	1
683	100	1
494	546	1
586	1329	1
210	331	1
3	60	1
808	649	1
382	1001	1
437	345	1
726	301	1
140	128	1
55	1286	1
466	1419	1
271	1288	1
491	224	1
257	1879	1
434	958	1
783	1959	1
189	1333	1
717	262	1
271	950	1
537	978	1
791	708	1
588	522	1
382	422	1
426	856	1
765	1655	1
397	1336	1
179	0	1
613	868	1
263	138	1
121	1776	1
599	496	1
60	1388	1
363	932	1
588	64	1
497	662	1
529	1708	1
47	1028	1
680	1797	1
645	1473	1
218	1360	1
19	825	1
108	1095	1
335	48	1
476	802	1
227	551	1
342	128	1
508	1333	1
656	261	1
476	491	1
510	301	1
773	30	1
753	1929	1
694	1402	1
101	1594	1
21	60	1
351	1626	1
342	1795	1
359	1663	1
217	698	1
217	228	1
578	260	1
219	602	1
446	596	1
287	1680	1
783	1128	1
518	748	1
497	1879	1
402	1096	1
652	210	1
578	891	1
494	1061	1
309	882	1
233	1792	1
124	1626	1
302	1360	1
284	176	1
513	2056	1
765	505	1
210	1045	1
639	819	1
323	21	1
526	1102	1
325	858	1
55	88	1
672	232	1
170	218	1
579	758	1
617	1689	1
17	1737	1
595	906	1
456	735	1
397	68	1
98	1801	1
664	1674	1
680	181	1
140	18	1
753	1975	1
628	981	1
328	32	1
781	805	1
220	15	1
750	597	1
431	496	1
342	564	1
783	1562	1
774	1712	1
403	210	1
353	181	1
210	1314	1
514	1517	1
756	419	1
650	1021	1
220	1707	1
208	411	1
167	1861	1
595	1875	1
794	1596	1
617	891	1
45	1147	1
224	1562	1
494	1743	1
765	1769	1
808	564	1
309	607	1
297	1598	1
314	415	1
87	671	1
816	545	1
738	420	1
578	1596	1
774	913	1
345	978	1
738	395	1
476	218	1
414	1139	1
494	820	1
570	956	1
97	272	1
608	213	1
726	1639	1
458	1621	1
780	1345	1
583	1986	1
309	64	1
446	425	1
37	978	1
617	2031	1
717	994	1
280	439	1
45	1631	1
753	22	1
222	923	1
321	496	1
595	1151	1
278	86	1
595	275	1
712	2104	1
540	257	1
574	1062	1
812	651	1
230	1859	1
55	992	1
723	313	1
294	957	1
446	1657	1
258	49	1
33	105	1
432	161	1
639	1517	1
574	2054	1
814	881	1
494	239	1
494	596	1
397	1671	1
397	8	1
208	1139	1
578	121	1
342	390	1
51	593	1
815	1001	1
578	724	1
210	1929	1
287	2047	1
745	567	1
680	98	1
335	189	1
820	1620	1
296	261	1
578	1191	1
222	221	1
12	625	1
31	1929	1
574	1108	1
747	250	1
206	452	1
491	344	1
271	815	1
485	444	1
8	1164	1
309	108	1
60	8	1
581	1053	1
585	494	1
210	1567	1
494	280	1
432	468	1
564	1080	1
510	505	1
161	1853	1
487	1896	1
149	1065	1
290	142	1
256	1346	1
758	1428	1
397	1947	1
726	600	1
271	1819	1
271	1708	1
310	406	1
696	222	1
773	557	1
574	1128	1
694	1472	1
814	735	1
168	1523	1
240	1632	1
325	1212	1
121	1517	1
706	1212	1
747	118	1
140	2105	1
104	251	1
327	1204	1
104	713	1
443	1139	1
56	19	1
476	2079	1
476	1091	1
397	134	1
491	69	1
17	981	1
54	1272	1
774	411	1
249	1230	1
106	1895	1
476	1357	1
574	117	1
623	20	1
650	1396	1
266	1709	1
578	294	1
787	1814	1
342	412	1
288	283	1
645	1087	1
497	356	1
342	81	1
443	1982	1
629	1923	1
149	2034	1
812	1470	1
574	881	1
418	140	1
773	83	1
645	810	1
814	9	1
222	1621	1
179	1010	1
765	1781	1
814	542	1
208	564	1
140	1603	1
210	213	1
441	1308	1
33	1636	1
577	616	1
726	337	1
414	185	1
437	282	1
617	1262	1
574	1852	1
717	843	1
210	105	1
323	1785	1
774	1993	1
78	1006	1
668	1385	1
446	214	1
800	1997	1
414	116	1
236	1969	1
597	2084	1
162	1501	1
747	1792	1
508	49	1
752	1360	1
98	595	1
271	834	1
183	1342	1
210	1615	1
234	1677	1
327	1147	1
773	1931	1
735	1204	1
574	1651	1
765	221	1
168	1109	1
673	878	1
271	1066	1
553	1226	1
508	1699	1
473	856	1
309	1028	1
773	1910	1
549	1542	1
765	1875	1
596	1164	1
494	702	1
529	615	1
285	1370	1
765	1132	1
807	138	1
672	199	1
54	377	1
529	176	1
773	1122	1
104	1240	1
121	32	1
375	1414	1
814	939	1
170	524	1
153	350	1
222	1165	1
402	385	1
526	309	1
105	679	1
672	723	1
344	1100	1
491	1840	1
765	23	1
384	734	1
745	956	1
210	538	1
80	364	1
626	758	1
517	774	1
574	129	1
726	913	1
675	1171	1
98	976	1
494	1503	1
532	429	1
446	283	1
414	715	1
574	800	1
110	1481	1
494	628	1
271	128	1
694	328	1
397	826	1
578	1447	1
773	670	1
491	51	1
580	878	1
681	669	1
312	26	1
673	1204	1
639	360	1
33	2103	1
414	564	1
140	2089	1
814	1858	1
3	1562	1
584	167	1
526	2035	1
312	1033	1
388	1869	1
397	1122	1
603	758	1
737	1311	1
256	1853	1
544	1173	1
578	1229	1
327	196	1
726	2026	1
224	1331	1
289	1312	1
559	415	1
766	1489	1
381	313	1
323	1045	1
494	944	1
497	1353	1
386	1918	1
140	197	1
305	1291	1
628	1655	1
773	1883	1
310	763	1
222	1567	1
622	638	1
808	1982	1
781	218	1
22	186	1
758	774	1
217	596	1
403	660	1
446	890	1
465	862	1
747	1164	1
464	1712	1
45	1982	1
448	496	1
54	486	1
645	408	1
584	660	1
550	1090	1
617	2108	1
104	1584	1
304	100	1
54	1765	1
550	18	1
325	261	1
71	662	1
140	1060	1
208	1	1
271	1119	1
54	1366	1
126	660	1
179	1691	1
95	370	1
491	2053	1
124	2000	1
279	592	1
34	2036	1
441	1102	1
571	1882	1
446	758	1
55	403	1
414	749	1
483	898	1
347	1348	1
108	463	1
99	364	1
694	1061	1
574	1209	1
794	856	1
774	1788	1
783	496	1
774	1781	1
323	1422	1
158	2112	1
680	1106	1
56	676	1
17	2105	1
758	1520	1
12	1785	1
285	1601	1
224	105	1
641	2103	1
342	393	1
8	1439	1
323	1418	1
98	1049	1
222	211	1
680	2046	1
416	1122	1
23	2046	1
574	698	1
494	2061	1
636	1955	1
541	2007	1
694	943	1
414	1462	1
628	1769	1
672	1310	1
533	47	1
147	515	1
256	2113	1
773	2080	1
393	798	1
774	1078	1
466	586	1
476	227	1
418	372	1
342	143	1
709	1963	1
715	49	1
167	2027	1
680	819	1
73	1899	1
487	181	1
617	1218	1
457	968	1
504	758	1
72	14	1
717	1691	1
98	953	1
818	167	1
574	889	1
494	1977	1
414	1411	1
806	1824	1
687	1775	1
104	1466	1
469	78	1
309	338	1
687	347	1
645	2017	1
296	1204	1
748	496	1
672	1106	1
787	538	1
256	820	1
574	1164	1
309	1078	1
288	1100	1
397	785	1
54	150	1
672	73	1
342	1147	1
814	1982	1
190	679	1
208	1031	1
750	1329	1
525	115	1
335	692	1
680	1457	1
717	87	1
814	489	1
310	350	1
717	110	1
33	319	1
650	380	1
798	708	1
609	842	1
787	132	1
72	331	1
140	1737	1
789	1589	1
53	368	1
89	1171	1
342	1851	1
680	23	1
95	1001	1
174	1028	1
712	1851	1
72	1380	1
280	566	1
617	939	1
672	1801	1
717	2045	1
794	705	1
280	1215	1
578	1210	1
179	843	1
104	30	1
85	1845	1
153	1321	1
342	23	1
774	1722	1
94	1028	1
712	275	1
102	942	1
773	1388	1
271	615	1
774	763	1
578	1137	1
316	1893	1
476	1465	1
55	1020	1
739	395	1
814	1265	1
765	739	1
17	739	1
208	1761	1
789	1604	1
753	60	1
327	1139	1
61	978	1
590	1853	1
780	273	1
726	64	1
222	329	1
672	2079	1
717	1922	1
20	1536	1
544	1959	1
132	996	1
208	1147	1
353	57	1
637	1001	1
767	496	1
342	1801	1
617	1000	1
353	837	1
709	745	1
392	585	1
676	1263	1
672	692	1
672	906	1
585	976	1
576	224	1
807	751	1
574	322	1
740	1620	1
72	1642	1
772	261	1
263	1758	1
550	1812	1
765	1599	1
374	264	1
56	1335	1
688	27	1
466	1163	1
351	428	1
496	1247	1
256	958	1
544	1852	1
277	679	1
659	1159	1
210	1212	1
222	2008	1
121	700	1
208	1420	1
717	1667	1
680	185	1
783	197	1
747	839	1
765	64	1
342	1725	1
222	1422	1
774	2063	1
723	1862	1
104	767	1
525	600	1
262	658	1
271	275	1
145	1752	1
309	1788	1
271	1458	1
362	1501	1
774	917	1
815	1782	1
692	808	1
446	1243	1
712	1151	1
126	2002	1
364	415	1
680	1599	1
414	582	1
266	867	1
677	2065	1
501	20	1
418	1389	1
98	1794	1
280	867	1
494	578	1
701	337	1
54	296	1
765	237	1
312	1974	1
591	253	1
773	1064	1
801	637	1
260	1871	1
494	1621	1
143	1335	1
765	1288	1
439	1380	1
628	1875	1
446	2062	1
342	50	1
446	455	1
466	400	1
353	1779	1
628	1851	1
696	1353	1
518	806	1
195	1792	1
609	919	1
271	920	1
120	1265	1
808	1620	1
148	126	1
470	1211	1
179	1880	1
494	1472	1
441	1311	1
488	1878	1
617	1570	1
15	870	1
140	1540	1
185	978	1
701	1584	1
762	840	1
335	459	1
628	275	1
441	1061	1
427	1887	1
645	55	1
491	230	1
446	338	1
564	605	1
692	468	1
149	234	1
645	1130	1
594	1348	1
345	496	1
582	210	1
104	791	1
397	1633	1
420	1211	1
8	1551	1
158	1380	1
285	850	1
476	1643	1
692	245	1
595	1147	1
143	245	1
187	2047	1
397	1584	1
494	1725	1
726	1782	1
220	1122	1
393	125	1
694	136	1
86	49	1
285	1211	1
706	755	1
208	1517	1
695	93	1
140	1616	1
595	809	1
216	593	1
518	1086	1
533	1899	1
812	683	1
432	417	1
756	1517	1
273	391	1
33	395	1
219	75	1
356	64	1
434	1333	1
271	809	1
446	748	1
147	1947	1
66	1068	1
285	1951	1
599	978	1
608	273	1
140	444	1
325	978	1
494	329	1
414	881	1
694	2030	1
1	1204	1
694	625	1
622	1284	1
87	614	1
670	713	1
271	735	1
672	668	1
19	1440	1
73	351	1
808	981	1
185	261	1
72	1643	1
334	311	1
726	1388	1
812	774	1
237	1724	1
120	597	1
88	963	1
783	968	1
769	417	1
242	1621	1
630	32	1
188	415	1
787	461	1
219	1223	1
456	1411	1
112	454	1
554	2046	1
550	391	1
491	1544	1
783	221	1
325	923	1
126	257	1
751	507	1
694	546	1
271	73	1
731	1006	1
814	1373	1
676	328	1
691	874	1
788	1579	1
572	701	1
693	1796	1
45	596	1
494	1572	1
327	906	1
124	1916	1
337	496	1
694	538	1
327	444	1
756	1562	1
671	608	1
808	185	1
701	670	1
609	1239	1
446	598	1
72	837	1
658	1215	1
323	1293	1
578	1547	1
392	546	1
271	1646	1
165	1920	1
416	1001	1
342	98	1
179	643	1
814	2108	1
19	181	1
98	23	1
3	321	1
701	713	1
514	20	1
807	1043	1
96	1144	1
553	1920	1
801	598	1
152	105	1
392	1700	1
256	1866	1
335	698	1
335	734	1
672	989	1
402	956	1
578	2106	1
524	261	1
8	71	1
204	1046	1
263	43	1
312	50	1
815	856	1
418	1573	1
296	496	1
170	1061	1
61	496	1
334	197	1
774	799	1
271	1102	1
491	1689	1
814	1650	1
814	346	1
476	1126	1
179	1898	1
801	592	1
323	1643	1
518	1164	1
808	809	1
659	59	1
717	1952	1
539	1021	1
271	582	1
446	106	1
812	2114	1
397	789	1
574	1353	1
208	33	1
694	1805	1
432	2031	1
56	1528	1
414	192	1
658	1549	1
694	1187	1
170	1720	1
259	64	1
788	484	1
787	523	1
473	1793	1
636	1782	1
60	679	1
256	64	1
376	528	1
680	197	1
271	529	1
45	582	1
764	878	1
45	442	1
8	12	1
612	261	1
469	755	1
312	311	1
428	1679	1
266	1000	1
491	1398	1
217	1188	1
390	658	1
259	705	1
755	1568	1
460	1281	1
628	870	1
164	1620	1
819	580	1
597	2011	1
45	332	1
45	715	1
712	1031	1
81	874	1
470	1125	1
532	13	1
516	1620	1
765	761	1
3	1895	1
309	363	1
124	767	1
680	595	1
54	1025	1
2	1149	1
747	1342	1
98	1646	1
478	1608	1
108	1390	1
757	1059	1
217	1128	1
595	934	1
574	953	1
121	613	1
578	1880	1
765	971	1
45	1655	1
808	934	1
765	1462	1
705	1920	1
432	1550	1
578	855	1
794	505	1
285	559	1
446	1671	1
446	1136	1
168	948	1
578	667	1
466	638	1
456	349	1
574	242	1
60	658	1
271	1274	1
258	640	1
524	1517	1
446	82	1
476	1045	1
694	1779	1
106	817	1
730	1512	1
560	866	1
672	1599	1
312	881	1
543	662	1
595	878	1
578	341	1
140	389	1
773	824	1
773	1784	1
694	1757	1
476	928	1
636	826	1
342	1719	1
672	390	1
98	1460	1
648	564	1
672	601	1
645	1799	1
20	492	1
222	1933	1
812	622	1
543	1342	1
144	156	1
494	1690	1
208	2063	1
720	574	1
401	261	1
392	306	1
494	1314	1
179	2045	1
788	765	1
774	1793	1
56	1543	1
787	546	1
312	1274	1
249	567	1
729	660	1
388	1598	1
143	698	1
535	544	1
136	750	1
382	591	1
280	1776	1
574	296	1
578	1986	1
550	2049	1
8	1239	1
696	1920	1
222	1977	1
271	521	1
494	1975	1
636	464	1
140	1132	1
98	981	1
312	143	1
489	222	1
342	1066	1
629	725	1
118	296	1
817	261	1
19	89	1
712	809	1
158	28	1
188	503	1
558	1781	1
721	842	1
585	142	1
567	1620	1
392	132	1
342	1875	1
181	1954	1
124	1085	1
271	1795	1
121	1206	1
446	631	1
465	349	1
774	545	1
325	34	1
57	444	1
648	484	1
179	2020	1
300	210	1
170	1494	1
309	1522	1
334	2068	1
491	541	1
674	658	1
414	197	1
12	1293	1
104	1937	1
222	2103	1
738	1699	1
809	210	1
179	307	1
98	1982	1
164	679	1
673	261	1
200	597	1
280	2011	1
750	2058	1
81	1869	1
524	1204	1
476	1895	1
91	338	1
243	283	1
256	1479	1
476	532	1
765	143	1
578	1817	1
79	1517	1
808	50	1
45	1411	1
765	1801	1
256	2103	1
136	2102	1
280	735	1
121	1115	1
392	1567	1
795	679	1
726	826	1
774	759	1
617	639	1
784	1889	1
356	1864	1
636	229	1
168	1417	1
617	1705	1
147	959	1
712	981	1
547	210	1
446	871	1
493	7	1
578	648	1
249	1869	1
645	1394	1
222	336	1
281	1606	1
745	874	1
414	442	1
574	249	1
366	182	1
550	630	1
432	541	1
494	270	1
220	20	1
665	1845	1
783	2075	1
680	582	1
617	342	1
353	136	1
476	21	1
628	1031	1
392	1187	1
706	875	1
48	679	1
222	1656	1
727	1792	1
796	574	1
529	261	1
814	1875	1
539	1817	1
104	705	1
742	1797	1
694	1643	1
668	662	1
312	1801	1
279	1824	1
428	1513	1
787	57	1
672	181	1
781	1061	1
208	525	1
179	1409	1
574	2047	1
98	2090	1
208	881	1
680	764	1
574	708	1
689	1826	1
347	1327	1
694	1929	1
771	290	1
672	686	1
672	711	1
121	1848	1
254	2047	1
334	143	1
590	167	1
65	364	1
773	1574	1
87	144	1
818	1853	1
104	234	1
658	948	1
645	1886	1
726	1476	1
309	1955	1
765	934	1
489	708	1
335	1809	1
494	2033	1
491	1000	1
81	708	1
446	1515	1
156	493	1
140	974	1
240	1326	1
147	1292	1
55	1895	1
578	1042	1
392	1364	1
672	739	1
553	615	1
781	54	1
45	1139	1
280	1317	1
140	1154	1
397	434	1
3	1642	1
514	2103	1
597	1776	1
497	1784	1
574	1931	1
633	1671	1
773	102	1
773	1937	1
249	1258	1
55	1785	1
57	1517	1
312	720	1
698	2046	1
666	1010	1
281	1997	1
147	833	1
121	1750	1
476	915	1
774	789	1
694	1364	1
774	737	1
628	1288	1
8	712	1
672	1593	1
372	1255	1
167	916	1
646	210	1
219	1813	1
403	1716	1
801	758	1
414	655	1
210	625	1
393	963	1
574	474	1
765	955	1
317	545	1
312	1851	1
735	261	1
271	1733	1
794	283	1
414	393	1
222	625	1
220	1269	1
574	1339	1
550	1975	1
446	1327	1
55	1720	1
56	94	1
441	1824	1
312	1151	1
91	758	1
353	885	1
55	306	1
608	1345	1
628	881	1
97	210	1
124	1391	1
609	1164	1
168	269	1
757	493	1
446	637	1
571	356	1
12	1757	1
72	1020	1
72	1615	1
503	1327	1
580	496	1
726	807	1
497	86	1
8	1057	1
366	87	1
393	567	1
323	873	1
263	296	1
774	1003	1
489	253	1
45	143	1
457	786	1
783	1320	1
676	1743	1
432	1985	1
491	398	1
59	758	1
672	98	1
432	255	1
101	726	1
807	693	1
55	326	1
104	452	1
742	1908	1
574	1184	1
121	542	1
135	597	1
87	401	1
706	828	1
140	548	1
694	179	1
444	253	1
61	1204	1
550	1002	1
574	1274	1
353	105	1
487	698	1
544	494	1
808	442	1
632	1620	1
773	386	1
798	1353	1
72	513	1
296	1205	1
37	1101	1
323	585	1
808	304	1
140	1302	1
312	1573	1
222	22	1
287	1481	1
653	679	1
140	1341	1
429	1094	1
712	39	1
230	735	1
170	1642	1
255	978	1
217	1135	1
49	898	1
233	1796	1
168	1958	1
285	421	1
168	1868	1
179	394	1
820	768	1
670	20	1
712	735	1
12	1976	1
360	261	1
243	758	1
644	1887	1
709	1883	1
418	1503	1
518	1108	1
753	538	1
134	787	1
220	1352	1
98	143	1
729	457	1
140	582	1
222	523	1
726	338	1
578	126	1
397	515	1
760	1610	1
140	1794	1
494	1895	1
143	1231	1
256	1895	1
765	169	1
807	496	1
808	582	1
323	1359	1
494	1643	1
225	978	1
397	1552	1
432	1124	1
418	1624	1
789	988	1
367	1918	1
121	1913	1
309	886	1
309	1633	1
375	1360	1
3	1805	1
494	1273	1
158	1688	1
574	596	1
694	1045	1
658	758	1
763	1478	1
331	1345	1
712	649	1
494	1212	1
489	887	1
585	1122	1
747	1474	1
81	669	1
726	488	1
331	213	1
20	1882	1
762	1007	1
121	123	1
88	1444	1
168	1348	1
476	560	1
207	496	1
814	468	1
464	1257	1
140	1184	1
591	592	1
360	496	1
237	313	1
717	282	1
98	624	1
441	1259	1
334	1106	1
100	870	1
342	1646	1
168	1413	1
814	1689	1
366	1935	1
309	670	1
424	395	1
491	1755	1
508	1617	1
54	878	1
20	176	1
104	1310	1
15	301	1
497	83	1
174	651	1
170	461	1
446	617	1
382	706	1
574	389	1
147	1071	1
221	496	1
87	917	1
566	479	1
122	210	1
774	614	1
791	1353	1
773	886	1
323	560	1
104	445	1
662	1379	1
812	1955	1
323	1286	1
736	2012	1
806	1311	1
106	1929	1
432	261	1
222	1743	1
737	900	1
594	1267	1
814	751	1
595	2083	1
143	822	1
56	929	1
391	767	1
788	1161	1
701	882	1
677	1959	1
3	20	1
287	592	1
787	1286	1
199	210	1
578	833	1
98	1852	1
745	1598	1
409	1809	1
583	1633	1
33	1699	1
87	1122	1
773	1816	1
271	1640	1
723	1183	1
418	1963	1
613	88	1
540	210	1
208	697	1
476	1929	1
443	582	1
271	39	1
339	2058	1
712	2068	1
706	2103	1
574	555	1
170	1485	1
476	575	1
315	574	1
717	205	1
222	1564	1
119	1625	1
757	866	1
312	1628	1
81	1215	1
342	1411	1
20	20	1
470	507	1
312	1031	1
309	402	1
447	1869	1
773	1609	1
115	1707	1
201	954	1
140	2083	1
476	1076	1
491	1328	1
497	13	1
271	1807	1
259	505	1
677	629	1
397	1113	1
578	428	1
769	781	1
168	1360	1
98	564	1
104	83	1
350	978	1
514	105	1
210	1402	1
765	116	1
280	1205	1
494	1933	1
147	1240	1
491	36	1
179	315	1
84	1517	1
390	1853	1
8	1258	1
106	820	1
54	1030	1
105	1620	1
106	1061	1
327	1875	1
642	370	1
529	496	1
124	1609	1
574	1893	1
672	1303	1
115	1291	1
658	2073	1
814	224	1
323	60	1
709	30	1
686	510	1
268	49	1
312	564	1
494	1367	1
577	1414	1
140	156	1
574	783	1
75	1609	1
208	1403	1
217	1376	1
98	1031	1
210	1933	1
447	874	1
753	1165	1
680	127	1
238	415	1
628	128	1
750	914	1
492	338	1
222	1046	1
60	1006	1
259	1781	1
414	801	1
52	1918	1
491	1262	1
356	1388	1
578	591	1
353	692	1
222	1700	1
550	1573	1
19	1060	1
108	1044	1
294	507	1
491	1889	1
261	982	1
256	670	1
437	958	1
774	882	1
476	1358	1
312	699	1
392	1806	1
726	1986	1
280	696	1
441	1360	1
613	573	1
294	2036	1
634	224	1
494	1048	1
8	177	1
342	649	1
814	1709	1
753	404	1
104	1597	1
561	1671	1
636	807	1
496	178	1
382	1325	1
476	1900	1
312	1244	1
82	1883	1
518	117	1
574	172	1
323	1111	1
578	545	1
701	1193	1
636	774	1
210	132	1
787	403	1
98	809	1
210	467	1
446	533	1
310	411	1
179	811	1
794	732	1
179	426	1
215	592	1
72	1622	1
316	1517	1
765	1737	1
140	2079	1
729	1096	1
778	1079	1
525	618	1
682	93	1
309	1240	1
553	1620	1
494	14	1
25	564	1
432	1889	1
54	1604	1
78	1620	1
672	894	1
149	1487	1
342	2105	1
222	868	1
140	157	1
397	1653	1
765	881	1
665	528	1
467	1691	1
617	1124	1
222	321	1
510	1001	1
714	1350	1
110	669	1
323	992	1
690	373	1
666	2009	1
12	1814	1
98	39	1
621	1608	1
469	391	1
121	2011	1
356	978	1
3	1622	1
650	457	1
140	1411	1
807	1960	1
680	803	1
787	1364	1
236	2065	1
179	994	1
3	1061	1
550	430	1
328	1096	1
45	1737	1
773	499	1
297	567	1
638	2058	1
807	899	1
375	1350	1
266	735	1
550	71	1
483	13	1
210	2038	1
108	2095	1
491	169	1
794	938	1
12	60	1
168	592	1
659	669	1
256	659	1
87	833	1
666	1480	1
19	2005	1
441	1164	1
271	474	1
765	686	1
756	261	1
362	261	1
271	376	1
677	1796	1
5	109	1
476	992	1
717	1980	1
118	914	1
672	981	1
98	1819	1
181	1511	1
636	962	1
72	218	1
783	459	1
726	1122	1
597	1465	1
524	20	1
628	551	1
758	1618	1
800	47	1
57	1769	1
578	2014	1
590	1708	1
742	1736	1
3	1517	1
88	63	1
680	1066	1
658	2074	1
8	1893	1
595	1420	1
147	1001	1
628	393	1
578	445	1
766	1334	1
672	1274	1
470	1096	1
224	372	1
246	1501	1
446	1928	1
222	1367	1
636	1584	1
726	8	1
518	555	1
639	20	1
8	1230	1
441	1046	1
104	807	1
271	1537	1
124	234	1
161	1716	1
476	1518	1
149	621	1
520	750	1
794	30	1
709	1574	1
439	1671	1
814	1832	1
574	514	1
266	349	1
309	1671	1
550	712	1
79	1132	1
193	735	1
547	257	1
286	642	1
312	1624	1
376	1823	1
697	475	1
271	1747	1
738	1610	1
57	2076	1
765	1274	1
574	1654	1
54	954	1
553	1708	1
316	20	1
255	261	1
147	1626	1
808	416	1
8	1156	1
327	1171	1
595	984	1
236	1796	1
208	137	1
327	496	1
717	1064	1
708	2046	1
210	1754	1
591	1006	1
773	151	1
476	1693	1
414	196	1
284	1668	1
309	1003	1
156	1058	1
586	597	1
140	934	1
578	557	1
210	844	1
441	755	1
444	222	1
325	500	1
603	631	1
323	57	1
323	1314	1
476	1286	1
421	1853	1
353	1048	1
794	748	1
84	1706	1
437	140	1
108	19	1
741	47	1
388	1100	1
77	338	1
335	545	1
491	1790	1
140	801	1
334	1737	1
594	1871	1
680	715	1
191	679	1
815	1883	1
382	1078	1
443	801	1
814	1204	1
672	311	1
476	292	1
57	20	1
3	1643	1
672	653	1
494	768	1
147	866	1
553	679	1
207	167	1
736	111	1
288	874	1
446	1659	1
476	1418	1
334	2090	1
628	304	1
578	530	1
514	755	1
432	1398	1
500	937	1
405	978	1
342	624	1
312	1879	1
812	1054	1
476	37	1
136	201	1
773	1746	1
305	1312	1
574	222	1
784	1963	1
222	358	1
781	136	1
630	457	1
110	567	1
72	805	1
143	1463	1
476	1497	1
721	1360	1
487	896	1
573	691	1
282	1184	1
794	1633	1
250	496	1
201	1030	1
405	496	1
54	1590	1
392	1815	1
197	592	1
210	1271	1
414	859	1
628	332	1
397	791	1
658	1109	1
774	861	1
753	1102	1
234	1013	1
580	978	1
266	476	1
256	210	1
210	868	1
296	1892	1
126	32	1
256	279	1
476	2099	1
366	678	1
312	628	1
51	15	1
121	1702	1
151	1792	1
529	978	1
747	596	1
335	522	1
712	304	1
645	1532	1
494	358	1
801	1496	1
494	585	1
595	558	1
167	1804	1
574	1474	1
168	93	1
683	1312	1
578	730	1
645	1961	1
179	378	1
3	538	1
814	1170	1
593	1608	1
446	1523	1
121	1296	1
87	670	1
812	1490	1
222	1244	1
756	429	1
754	370	1
587	592	1
207	210	1
701	64	1
457	444	1
244	658	1
574	1342	1
233	2021	1
136	1433	1
508	142	1
550	565	1
633	849	1
765	1055	1
595	1462	1
680	1851	1
432	1570	1
284	349	1
222	1402	1
680	412	1
168	1549	1
418	1036	1
441	397	1
397	1256	1
439	817	1
726	680	1
179	1838	1
424	1610	1
140	311	1
633	370	1
573	828	1
645	1326	1
329	1291	1
81	1871	1
680	1875	1
217	172	1
168	1330	1
98	711	1
503	1267	1
574	793	1
170	358	1
256	8	1
300	660	1
195	1360	1
683	1291	1
680	1288	1
446	1189	1
694	1529	1
12	1700	1
777	415	1
210	1629	1
752	1792	1
121	457	1
280	832	1
789	1025	1
726	833	1
788	2004	1
373	969	1
208	1164	1
217	692	1
680	311	1
672	955	1
773	308	1
98	50	1
765	705	1
497	774	1
121	931	1
182	1255	1
717	31	1
84	142	1
98	1517	1
686	474	1
494	1995	1
519	420	1
736	34	1
617	346	1
121	658	1
540	1853	1
140	657	1
170	1814	1
271	801	1
334	564	1
98	739	1
753	1720	1
765	749	1
476	1872	1
680	1655	1
765	757	1
287	93	1
104	729	1
567	679	1
491	1051	1
650	1587	1
510	726	1
787	944	1
735	978	1
414	143	1
764	34	1
569	1360	1
168	1086	1
616	1096	1
687	1581	1
464	827	1
272	2047	1
747	876	1
659	1417	1
10	1517	1
301	1485	1
765	1355	1
812	1028	1
220	789	1
597	1485	1
441	1271	1
353	1877	1
774	577	1
140	1523	1
597	968	1
347	963	1
672	803	1
125	2047	1
572	234	1
334	582	1
91	631	1
595	739	1
719	858	1
140	1274	1
329	100	1
710	283	1
168	1792	1
680	1982	1
3	1402	1
393	874	1
645	1935	1
40	395	1
54	80	1
494	664	1
412	1006	1
726	618	1
25	1139	1
773	1639	1
222	1562	1
597	331	1
251	658	1
740	1920	1
508	958	1
342	1415	1
456	161	1
704	1621	1
309	428	1
666	643	1
550	2022	1
543	1970	1
77	283	1
88	1348	1
147	1310	1
622	599	1
578	738	1
476	1762	1
789	493	1
335	1432	1
739	1333	1
609	1817	1
574	181	1
574	71	1
758	1538	1
562	1092	1
256	395	1
208	1527	1
596	637	1
773	607	1
230	468	1
699	1920	1
659	385	1
676	1720	1
476	973	1
617	161	1
54	435	1
235	261	1
256	1567	1
325	391	1
726	1722	1
672	1457	1
437	1610	1
47	72	1
256	1855	1
476	60	1
208	671	1
313	1959	1
72	2061	1
414	2105	1
774	1	1
382	1781	1
659	178	1
750	1265	1
503	956	1
51	1621	1
794	2047	1
550	1974	1
773	452	1
98	2075	1
18	1920	1
706	1636	1
726	1684	1
712	1498	1
574	1139	1
416	370	1
574	1924	1
139	1427	1
12	664	1
487	220	1
512	468	1
259	8	1
353	805	1
712	1446	1
601	395	1
525	1722	1
414	1537	1
210	328	1
55	524	1
36	1823	1
765	2083	1
494	1805	1
812	260	1
104	1210	1
23	758	1
251	210	1
147	705	1
765	1719	1
672	1151	1
329	1871	1
787	1743	1
92	745	1
197	1413	1
418	22	1
527	77	1
64	1423	1
544	2075	1
503	963	1
167	512	1
138	2111	1
717	1742	1
773	654	1
801	283	1
208	589	1
109	1621	1
476	1976	1
271	984	1
318	758	1
726	452	1
628	521	1
280	1022	1
553	1046	1
623	1517	1
595	20	1
765	1449	1
689	2086	1
765	1151	1
397	2082	1
470	804	1
608	2097	1
672	881	1
61	261	1
131	1608	1
794	726	1
628	442	1
550	1959	1
650	1315	1
418	1176	1
645	345	1
747	712	1
140	1819	1
773	861	1
773	402	1
325	1583	1
747	842	1
33	420	1
574	1613	1
578	223	1
147	509	1
210	54	1
594	1327	1
672	1793	1
747	445	1
664	1586	1
382	1122	1
279	1968	1
399	866	1
170	1785	1
773	540	1
170	1175	1
726	30	1
323	944	1
212	261	1
104	1449	1
179	110	1
528	1919	1
801	596	1
672	1725	1
712	739	1
578	619	1
416	422	1
433	356	1
620	84	1
418	691	1
441	1984	1
443	311	1
494	62	1
765	1415	1
416	591	1
591	1353	1
694	1900	1
674	608	1
497	1426	1
378	942	1
222	1380	1
787	2084	1
727	1360	1
729	380	1
79	1562	1
428	1556	1
271	764	1
398	1621	1
476	36	1
222	1573	1
446	1945	1
112	874	1
666	1117	1
805	126	1
814	1411	1
379	1918	1
380	274	1
147	30	1
578	303	1
271	1521	1
724	679	1
104	308	1
504	2047	1
293	1882	1
807	804	1
544	1968	1
658	1515	1
382	724	1
437	923	1
220	1137	1
572	16	1
471	281	1
208	1257	1
503	1871	1
309	144	1
514	391	1
366	1484	1
271	1411	1
680	1462	1
210	1900	1
254	283	1
760	1333	1
48	1620	1
256	1494	1
626	338	1
773	1221	1
222	2084	1
323	321	1
765	1056	1
278	222	1
255	496	1
550	1389	1
210	820	1
522	1698	1
609	283	1
446	1248	1
510	1240	1
648	1060	1
712	81	1
787	943	1
774	279	1
271	1536	1
628	1819	1
672	1641	1
814	197	1
578	856	1
765	98	1
3	1286	1
323	132	1
597	1895	1
580	1006	1
98	1106	1
294	112	1
323	1061	1
271	1457	1
491	346	1
271	1139	1
574	1267	1
783	181	1
280	704	1
465	2050	1
508	420	1
54	284	1
491	468	1
712	1360	1
298	787	1
578	1292	1
794	783	1
794	1784	1
222	105	1
208	2055	1
570	567	1
14	898	1
608	1052	1
787	358	1
334	1031	1
140	1237	1
245	75	1
494	1642	1
446	790	1
628	412	1
494	326	1
121	887	1
489	1853	1
154	1892	1
801	1871	1
578	1638	1
526	1205	1
174	271	1
789	1972	1
8	1692	1
539	264	1
321	978	1
580	1920	1
288	758	1
577	692	1
8	698	1
222	1485	1
553	566	1
418	1185	1
553	1988	1
147	1910	1
596	1350	1
183	1350	1
309	115	1
344	1663	1
550	1244	1
130	2057	1
773	363	1
144	71	1
491	114	1
491	1197	1
220	279	1
79	1990	1
765	8	1
179	1130	1
284	224	1
650	2002	1
491	2108	1
55	1364	1
742	764	1
639	1049	1
265	1784	1
612	978	1
147	363	1
338	1393	1
393	669	1
522	210	1
476	1261	1
270	1632	1
342	185	1
310	48	1
269	596	1
726	1113	1
55	1501	1
170	664	1
591	669	1
576	1140	1
375	283	1
81	1360	1
271	1253	1
739	1610	1
88	1439	1
726	515	1
224	615	1
280	773	1
465	1486	1
108	1652	1
208	801	1
59	283	1
735	175	1
494	835	1
753	888	1
550	1893	1
646	1096	1
437	78	1
108	478	1
210	42	1
773	1671	1
747	793	1
585	1852	1
111	1481	1
446	1897	1
574	1591	1
578	791	1
616	210	1
334	304	1
574	1551	1
766	2040	1
187	1122	1
710	898	1
659	1396	1
375	758	1
553	176	1
143	1097	1
140	1034	1
287	617	1
280	346	1
323	1929	1
818	1906	1
712	1737	1
798	1924	1
98	1147	1
616	32	1
577	758	1
781	1743	1
210	1407	1
476	1676	1
476	1915	1
574	1812	1
416	1671	1
88	1327	1
222	218	1
115	1496	1
747	172	1
17	1274	1
54	1830	1
177	978	1
244	210	1
765	1819	1
676	1061	1
432	1773	1
91	1413	1
787	1700	1
108	450	1
7	914	1
585	1959	1
312	23	1
609	758	1
140	1925	1
256	78	1
753	1357	1
476	1020	1
280	930	1
56	1917	1
609	2047	1
83	1608	1
441	1622	1
108	1425	1
550	78	1
177	692	1
783	142	1
758	193	1
210	873	1
72	1061	1
497	758	1
633	445	1
280	9	1
280	224	1
491	287	1
654	819	1
494	54	1
574	442	1
45	1646	1
222	1002	1
765	232	1
712	1646	1
701	8	1
665	74	1
676	944	1
806	1173	1
456	13	1
271	78	1
773	505	1
706	879	1
783	419	1
789	823	1
548	49	1
324	689	1
163	2103	1
144	692	1
312	565	1
112	1869	1
323	1757	1
510	64	1
815	670	1
735	40	1
769	832	1
818	660	1
323	326	1
712	2105	1
774	1122	1
6	1809	1
124	341	1
596	596	1
66	980	1
98	819	1
466	599	1
476	1815	1
403	32	1
741	1997	1
267	1929	1
497	2047	1
619	402	1
287	1348	1
262	210	1
494	1465	1
208	442	1
446	2039	1
8	1350	1
35	364	1
168	1267	1
742	1018	1
672	761	1
179	446	1
502	615	1
167	370	1
284	1708	1
199	1716	1
574	1327	1
597	688	1
774	1639	1
312	1185	1
75	126	1
753	2025	1
672	1233	1
355	1571	1
606	750	1
712	185	1
596	1625	1
3	1743	1
574	1235	1
98	1166	1
774	265	1
164	1920	1
574	1603	1
121	506	1
87	1633	1
773	882	1
323	1976	1
323	1402	1
676	1517	1
312	1139	1
658	963	1
587	2022	1
547	1853	1
350	496	1
312	185	1
648	1517	1
712	196	1
639	142	1
54	1509	1
180	1871	1
222	1623	1
82	719	1
138	1825	1
808	1031	1
680	881	1
256	856	1
756	978	1
765	376	1
475	1963	1
166	680	1
189	395	1
271	50	1
781	331	1
414	1719	1
347	912	1
518	445	1
222	1293	1
782	1461	1
285	357	1
747	35	1
288	1360	1
636	488	1
449	182	1
808	275	1
525	1522	1
3	1376	1
747	695	1
491	232	1
323	1805	1
161	658	1
763	1227	1
773	1078	1
140	1664	1
215	1006	1
158	952	1
787	1757	1
45	1274	1
404	1620	1
54	1459	1
400	2000	1
273	78	1
55	188	1
574	1348	1
210	817	1
92	819	1
753	1535	1
273	184	1
808	1106	1
621	49	1
761	1935	1
406	683	1
393	592	1
280	1755	1
8	454	1
808	1457	1
467	1742	1
275	1321	1
40	1699	1
95	767	1
444	1108	1
360	978	1
578	1449	1
473	189	1
717	797	1
210	306	1
708	679	1
660	1951	1
224	78	1
789	1811	1
494	78	1
574	1491	1
201	496	1
38	1987	1
154	878	1
222	1465	1
546	1852	1
628	390	1
392	358	1
783	786	1
271	981	1
726	799	1
578	1078	1
659	592	1
222	328	1
147	452	1
87	1883	1
476	2081	1
661	735	1
726	545	1
37	34	1
140	649	1
375	1230	1
414	81	1
342	809	1
287	1413	1
774	1155	1
3	1929	1
788	747	1
630	257	1
106	1380	1
503	567	1
104	849	1
414	1646	1
348	496	1
414	1875	1
12	992	1
710	556	1
597	60	1
773	515	1
578	895	1
312	1434	1
351	758	1
323	837	1
279	1792	1
44	1512	1
518	768	1
147	2026	1
729	1764	1
263	1183	1
672	551	1
36	1349	1
489	167	1
356	1133	1
171	126	1
414	711	1
553	74	1
464	2063	1
72	1286	1
110	1871	1
23	283	1
414	1233	1
624	978	1
801	1444	1
582	658	1
562	496	1
578	1912	1
140	1379	1
550	1033	1
49	13	1
140	429	1
476	340	1
334	98	1
366	234	1
342	1151	1
224	1046	1
12	1357	1
694	42	1
470	1786	1
710	1232	1
446	945	1
550	336	1
761	621	1
271	1056	1
146	1792	1
366	701	1
222	352	1
769	1204	1
712	1531	1
726	1671	1
783	1446	1
648	1287	1
104	1019	1
526	923	1
694	1286	1
375	666	1
783	978	1
56	1231	1
353	1929	1
301	1061	1
312	2083	1
812	56	1
280	751	1
773	1502	1
98	582	1
658	1596	1
807	852	1
578	76	1
578	1626	1
758	1148	1
19	573	1
731	1920	1
441	1173	1
672	143	1
773	1276	1
528	1938	1
494	659	1
210	49	1
756	1243	1
491	458	1
147	785	1
330	1860	1
219	774	1
153	406	1
222	1526	1
147	998	1
200	1171	1
375	1692	1
200	1265	1
224	1517	1
474	54	1
208	1005	1
69	1385	1
808	715	1
170	1354	1
578	335	1
108	1264	1
799	658	1
712	35	1
526	1393	1
17	591	1
467	1838	1
312	98	1
278	662	1
17	1031	1
39	1342	1
147	799	1
535	1183	1
361	625	1
726	785	1
639	1184	1
694	873	1
476	1202	1
310	107	1
224	20	1
550	1258	1
110	956	1
149	701	1
597	1720	1
329	592	1
808	1415	1
646	1716	1
263	967	1
706	195	1
441	1184	1
268	1321	1
256	1113	1
213	1879	1
714	1802	1
574	1792	1
765	1031	1
680	1737	1
441	1045	1
179	701	1
808	1920	1
677	1969	1
658	669	1
809	1716	1
55	1061	1
726	279	1
545	961	1
531	1006	1
628	98	1
217	459	1
787	873	1
215	669	1
712	1147	1
54	552	1
755	1931	1
672	1066	1
392	625	1
19	692	1
680	649	1
513	1603	1
397	30	1
747	1540	1
17	1056	1
774	826	1
664	447	1
550	1165	1
87	1257	1
494	1629	1
617	867	1
774	350	1
794	144	1
40	1333	1
300	257	1
773	1626	1
312	1106	1
395	662	1
271	1031	1
814	2105	1
464	350	1
93	1342	1
174	574	1
179	1766	1
108	1917	1
140	1982	1
309	726	1
45	981	1
87	729	1
807	547	1
124	746	1
140	50	1
494	1046	1
574	1444	1
216	1001	1
17	1851	1
774	30	1
747	1295	1
550	1185	1
628	444	1
574	591	1
814	442	1
494	1403	1
800	1899	1
550	1634	1
328	660	1
140	1551	1
280	1348	1
140	1959	1
149	483	1
208	906	1
55	585	1
664	741	1
418	699	1
179	1922	1
765	181	1
280	242	1
518	783	1
33	1211	1
645	621	1
271	1319	1
259	1388	1
74	1809	1
256	1986	1
814	1443	1
762	1342	1
222	1900	1
597	1643	1
632	105	1
781	1764	1
773	534	1
814	496	1
188	551	1
446	963	1
397	726	1
14	1645	1
210	1052	1
766	1412	1
271	389	1
147	64	1
773	856	1
539	1396	1
256	391	1
773	1113	1
616	2002	1
124	1092	1
516	1676	1
526	349	1
491	1709	1
712	1106	1
564	1178	1
464	411	1
773	908	1
129	679	1
560	1323	1
526	224	1
494	1495	1
12	1286	1
3	306	1
476	287	1
781	1643	1
808	1274	1
334	1462	1
87	1639	1
712	2109	1
294	468	1
220	1336	1
279	1311	1
774	648	1
210	1048	1
197	168	1
550	140	1
658	2047	1
814	34	1
217	1420	1
747	516	1
312	1400	1
439	2061	1
597	57	1
494	2049	1
135	954	1
376	1845	1
328	1853	1
421	1716	1
271	739	1
129	1620	1
595	591	1
393	1343	1
781	1853	1
717	446	1
353	1402	1
620	261	1
353	60	1
294	1918	1
717	0	1
365	1052	1
799	866	1
284	278	1
335	181	1
774	791	1
418	1708	1
334	2083	1
812	581	1
210	1357	1
773	470	1
344	874	1
737	1792	1
808	1056	1
756	454	1
309	705	1
140	2055	1
768	1231	1
694	132	1
271	468	1
706	1975	1
147	654	1
19	1220	1
666	1742	1
334	2105	1
414	1801	1
572	621	1
807	480	1
140	698	1
717	1909	1
468	1608	1
222	691	1
241	956	1
573	22	1
210	1529	1
639	459	1
680	834	1
446	1850	1
648	1501	1
619	1620	1
334	39	1
781	57	1
297	956	1
597	1562	1
506	880	1
658	1871	1
672	128	1
773	783	1
587	1242	1
285	1936	1
280	135	1
121	1368	1
597	468	1
70	109	1
446	1680	1
222	63	1
312	1526	1
271	332	1
223	1291	1
147	102	1
323	1020	1
356	363	1
140	474	1
574	661	1
95	1449	1
288	1792	1
285	1351	1
658	592	1
140	1209	1
271	197	1
584	32	1
726	101	1
676	57	1
208	2088	1
658	912	1
657	2000	1
610	870	1
453	1640	1
9	126	1
383	574	1
2	247	1
526	965	1
143	478	1
622	2042	1
737	1360	1
773	1835	1
119	1360	1
761	1065	1
491	1127	1
757	2069	1
494	1129	1
680	564	1
432	2108	1
272	758	1
578	772	1
124	1504	1
170	585	1
773	1594	1
448	261	1
147	1793	1
366	1487	1
809	1853	1
397	279	1
366	282	1
222	78	1
54	1951	1
717	1886	1
446	1360	1
773	1782	1
266	2031	1
494	461	1
687	510	1
208	210	1
124	743	1
170	1743	1
774	938	1
280	1124	1
288	338	1
304	1707	1
170	1933	1
550	1046	1
147	333	1
580	34	1
726	151	1
418	1661	1
601	1610	1
680	2068	1
807	1070	1
3	1045	1
578	1514	1
210	1380	1
494	2028	1
774	8	1
222	292	1
271	1197	1
613	1581	1
510	1122	1
491	935	1
216	931	1
217	1362	1
774	713	1
491	1943	1
719	22	1
356	1684	1
111	963	1
753	1485	1
666	1032	1
381	1030	1
553	1668	1
494	314	1
783	692	1
476	1041	1
773	748	1
210	1588	1
347	1267	1
794	402	1
66	468	1
280	1000	1
491	1124	1
772	978	1
206	515	1
271	2090	1
735	1571	1
82	1861	1
104	877	1
362	142	1
121	1863	1
446	93	1
789	145	1
342	332	1
659	100	1
327	1274	1
388	874	1
574	951	1
220	1631	1
222	1048	1
280	1889	1
174	680	1
250	34	1
526	140	1
476	1865	1
712	984	1
112	1598	1
208	1096	1
756	1338	1
60	705	1
667	1171	1
382	126	1
112	956	1
712	116	1
717	85	1
54	1186	1
330	898	1
680	237	1
348	978	1
106	1485	1
580	1620	1
694	1720	1
574	1540	1
620	898	1
309	1781	1
425	914	1
98	442	1
357	20	1
72	1895	1
679	2047	1
697	750	1
763	1059	1
739	420	1
574	1318	1
222	331	1
760	395	1
676	136	1
680	2090	1
98	649	1
584	1906	1
439	685	1
285	804	1
426	1515	1
694	1196	1
491	1363	1
417	225	1
787	1779	1
494	844	1
639	221	1
476	1805	1
108	1543	1
644	1515	1
617	1373	1
1	978	1
747	1810	1
672	715	1
323	42	1
432	1524	1
659	1312	1
807	1789	1
312	2068	1
712	2083	1
474	1485	1
382	1671	1
578	925	1
774	1108	1
280	988	1
595	304	1
694	523	1
524	978	1
773	283	1
540	658	1
420	967	1
494	873	1
578	502	1
210	1643	1
757	1478	1
465	921	1
657	767	1
787	1805	1
624	261	1
694	1354	1
147	2043	1
353	538	1
644	620	1
773	736	1
147	144	1
470	1205	1
335	2063	1
676	1357	1
773	1429	1
351	2047	1
210	1895	1
382	1304	1
414	275	1
414	1066	1
578	366	1
162	1812	1
494	1695	1
595	1646	1
612	496	1
783	1631	1
701	505	1
414	2083	1
353	1893	1
312	715	1
136	249	1
647	1350	1
692	1963	1
676	292	1
636	189	1
796	104	1
287	1871	1
672	1123	1
440	246	1
334	1056	1
381	1939	1
293	492	1
694	944	1
574	1295	1
208	406	1
814	564	1
108	1252	1
210	500	1
672	1031	1
726	339	1
550	1230	1
697	1948	1
494	2025	1
734	1878	1
305	1189	1
55	1220	1
72	1263	1
271	892	1
585	1133	1
753	327	1
325	496	1
554	415	1
329	1312	1
731	1620	1
3	63	1
636	1671	1
470	660	1
98	1875	1
140	1254	1
669	2066	1
619	1594	1
687	1060	1
783	1517	1
717	1635	1
706	500	1
765	1947	1
674	1716	1
158	2030	1
684	1453	1
574	445	1
578	849	1
105	1920	1
535	1152	1
334	185	1
62	1542	1
281	47	1
54	539	1
774	144	1
789	135	1
666	485	1
694	354	1
72	1900	1
342	715	1
812	1717	1
361	42	1
712	442	1
748	978	1
756	1237	1
280	852	1
726	1019	1
241	567	1
597	1357	1
645	681	1
280	1267	1
710	13	1
583	1702	1
98	2105	1
524	878	1
54	1204	1
729	257	1
781	1642	1
665	592	1
323	136	1
694	837	1
765	564	1
765	1446	1
807	1509	1
256	1310	1
577	1772	1
476	154	1
762	1579	1
147	886	1
574	607	1
726	144	1
765	1197	1
574	174	1
628	1147	1
84	1105	1
646	1620	1
597	735	1
222	1420	1
42	1006	1
393	912	1
574	1439	1
801	1327	1
680	1736	1
210	923	1
513	365	1
680	444	1
808	984	1
110	592	1
728	978	1
87	827	1
726	1078	1
818	257	1
309	1993	1
630	1716	1
72	1485	1
795	1620	1
774	705	1
280	1709	1
126	238	1
327	1184	1
774	534	1
121	257	1
645	701	1
526	2057	1
353	1357	1
774	64	1
168	1327	1
179	205	1
354	898	1
553	1250	1
33	78	1
271	140	1
106	54	1
271	595	1
17	1646	1
432	496	1
54	1039	1
280	579	1
237	1183	1
81	1598	1
153	1257	1
366	345	1
476	1827	1
45	1725	1
140	712	1
353	944	1
577	2088	1
773	917	1
594	1330	1
170	1866	1
249	1100	1
81	567	1
600	361	1
578	1949	1
769	334	1
241	874	1
680	275	1
539	178	1
446	1792	1
812	667	1
545	323	1
312	336	1
578	190	1
296	13	1
414	947	1
432	1022	1
108	1235	1
334	1655	1
210	2061	1
309	799	1
726	734	1
818	887	1
729	745	1
240	672	1
256	1102	1
140	1990	1
153	614	1
280	161	1
494	1516	1
763	1959	1
382	1340	1
55	57	1
712	711	1
747	1350	1
256	1656	1
747	1551	1
666	378	1
267	1485	1
271	573	1
550	184	1
204	858	1
814	1462	1
597	1743	1
219	1094	1
222	132	1
729	658	1
393	1062	1
747	1134	1
701	1388	1
294	1645	1
224	1988	1
543	1792	1
491	1392	1
726	1001	1
342	2090	1
672	1018	1
694	1815	1
140	196	1
814	981	1
248	1853	1
494	1701	1
585	953	1
394	758	1
20	1708	1
476	1051	1
494	532	1
222	1129	1
159	474	1
797	2047	1
144	109	1
81	1448	1
402	567	1
181	2085	1
726	917	1
550	1495	1
694	1263	1
74	1057	1
696	253	1
222	1175	1
789	2100	1
280	2069	1
45	2105	1
747	1568	1
353	1271	1
140	652	1
25	906	1
672	304	1
672	363	1
641	1271	1
271	1018	1
789	1889	1
441	1769	1
170	1806	1
81	389	1
712	1719	1
167	1449	1
666	262	1
745	1100	1
747	1631	1
645	1074	1
765	920	1
55	1630	1
81	963	1
331	24	1
112	1053	1
706	1271	1
786	2046	1
280	1570	1
380	1238	1
774	1890	1
88	768	1
36	528	1
617	1550	1
726	648	1
496	1141	1
280	317	1
280	507	1
544	900	1
98	1893	1
457	1769	1
397	268	1
494	1088	1
503	1448	1
98	1851	1
729	1906	1
140	997	1
645	263	1
814	934	1
765	762	1
759	261	1
222	755	1
104	2026	1
773	1584	1
609	1350	1
54	496	1
140	775	1
323	1187	1
334	906	1
701	1633	1
312	1073	1
312	1066	1
814	2031	1
446	580	1
55	451	1
189	958	1
280	493	1
18	1620	1
726	1955	1
801	963	1
694	1401	1
3	1485	1
170	1293	1
353	1020	1
550	1526	1
597	1286	1
98	834	1
217	181	1
808	197	1
680	39	1
742	1645	1
334	81	1
25	1875	1
809	1906	1
78	679	1
687	1776	1
8	1209	1
19	1631	1
179	1480	1
40	420	1
596	1108	1
781	1465	1
266	161	1
731	679	1
72	820	1
774	401	1
799	1853	1
491	1112	1
694	992	1
335	763	1
729	1963	1
712	1139	1
466	2048	1
476	873	1
737	1824	1
207	658	1
773	1722	1
179	424	1
208	98	1
3	292	1
694	54	1
553	1374	1
172	1171	1
588	505	1
66	13	1
425	1102	1
312	332	1
312	1415	1
163	1271	1
794	1793	1
694	352	1
609	1342	1
550	1102	1
494	184	1
300	150	1
503	1481	1
712	507	1
489	660	1
750	84	1
288	956	1
645	234	1
531	1920	1
446	456	1
577	181	1
726	1003	1
179	1234	1
765	521	1
807	537	1
680	304	1
666	1635	1
812	301	1
17	2047	1
125	1784	1
597	1840	1
747	2052	1
271	934	1
87	189	1
812	103	1
574	18	1
619	2047	1
595	1982	1
356	1140	1
757	1227	1
388	567	1
602	1860	1
789	693	1
510	337	1
296	1863	1
347	1136	1
72	57	1
55	1196	1
701	189	1
649	1834	1
249	71	1
393	1869	1
126	1716	1
758	103	1
441	1792	1
672	1411	1
12	1806	1
694	403	1
152	923	1
432	1741	1
54	527	1
765	1214	1
773	396	1
808	143	1
176	1321	1
249	1414	1
334	1982	1
238	545	1
510	1449	1
347	1360	1
397	1240	1
783	2092	1
279	669	1
309	680	1
494	2113	1
770	669	1
812	1854	1
680	143	1
192	15	1
220	1312	1
381	1416	1
110	1929	1
414	311	1
309	68	1
505	1057	1
312	1367	1
712	349	1
284	1205	1
392	42	1
271	105	1
681	592	1
104	1633	1
672	459	1
774	58	1
672	127	1
658	1413	1
222	1815	1
578	422	1
72	817	1
582	1853	1
645	1289	1
282	20	1
497	505	1
393	956	1
353	218	1
491	481	1
476	215	1
439	767	1
753	858	1
729	1716	1
224	1017	1
82	1542	1
266	507	1
672	393	1
570	874	1
628	1562	1
167	1325	1
633	1001	1
494	2112	1
158	1401	1
747	854	1
311	1360	1
88	1267	1
323	1998	1
55	1567	1
672	960	1
765	1256	1
759	978	1
726	1937	1
414	50	1
756	1794	1
617	1709	1
126	150	1
271	391	1
585	1517	1
491	349	1
60	726	1
590	176	1
222	1701	1
494	60	1
334	955	1
672	984	1
773	705	1
158	162	1
645	1632	1
362	221	1
765	1107	1
292	978	1
81	1444	1
465	740	1
774	102	1
737	669	1
561	680	1
814	507	1
594	1809	1
121	374	1
347	592	1
774	734	1
558	870	1
273	2103	1
328	210	1
136	96	1
470	658	1
33	1583	1
446	856	1
17	1792	1
312	390	1
645	1245	1
513	1455	1
573	319	1
672	1415	1
98	2068	1
708	1620	1
167	641	1
645	964	1
385	1453	1
694	513	1
787	306	1
428	795	1
470	296	1
617	295	1
141	126	1
418	628	1
493	1878	1
414	1031	1
220	385	1
34	468	1
494	42	1
533	1662	1
287	620	1
787	1061	1
256	1542	1
645	159	1
494	1646	1
296	608	1
144	1780	1
774	833	1
356	705	1
717	672	1
210	218	1
210	717	1
353	1643	1
312	1725	1
737	1173	1
574	1970	1
334	1415	1
494	766	1
54	1099	1
54	899	1
694	1629	1
494	846	1
650	1663	1
17	275	1
514	78	1
104	1468	1
397	856	1
244	660	1
709	1001	1
781	660	1
476	15	1
574	769	1
574	1807	1
136	92	1
263	1375	1
609	918	1
714	1342	1
540	32	1
658	1267	1
597	1900	1
762	2101	1
747	1893	1
624	140	1
104	1883	1
418	1271	1
491	73	1
397	452	1
590	210	1
550	518	1
396	63	1
278	708	1
812	1538	1
334	2104	1
672	332	1
773	1035	1
54	145	1
312	229	1
278	1924	1
801	1792	1
717	394	1
753	1582	1
327	1446	1
271	2013	1
518	2055	1
256	1569	1
356	505	1
765	1123	1
8	118	1
140	1875	1
347	1444	1
280	1296	1
142	1324	1
466	1284	1
665	669	1
347	669	1
510	189	1
335	406	1
104	139	1
284	1536	1
595	1031	1
494	218	1
108	1231	1
72	1929	1
36	1845	1
172	2037	1
104	1269	1
740	679	1
179	1299	1
233	1969	1
747	454	1
442	186	1
579	2047	1
126	658	1
765	1725	1
69	224	1
353	1286	1
609	1414	1
789	173	1
281	1662	1
773	2047	1
735	878	1
160	870	1
801	1680	1
735	496	1
402	874	1
491	601	1
774	1883	1
63	1094	1
256	1240	1
496	1021	1
497	705	1
2	1640	1
98	1411	1
513	38	1
680	1056	1
168	338	1
227	745	1
144	666	1
491	379	1
220	904	1
12	1771	1
178	1598	1
124	849	1
742	1617	1
346	1784	1
788	816	1
339	819	1
808	332	1
253	1962	1
781	1929	1
476	1743	1
787	1357	1
73	1997	1
676	873	1
143	194	1
587	1562	1
161	1906	1
140	1360	1
773	1947	1
266	1570	1
312	2018	1
8	1414	1
726	1155	1
129	1006	1
781	1906	1
342	881	1
756	20	1
201	978	1
484	1717	1
470	496	1
259	515	1
381	1183	1
792	774	1
726	1793	1
210	1286	1
712	468	1
774	1522	1
658	1850	1
168	455	1
124	1671	1
597	1111	1
808	1875	1
397	893	1
348	1608	1
289	100	1
756	1302	1
765	50	1
801	1072	1
271	2103	1
765	1959	1
585	20	1
220	1291	1
280	554	1
208	1634	1
397	1221	1
791	222	1
342	1982	1
17	185	1
620	13	1
781	1314	1
72	944	1
17	934	1
736	130	1
676	805	1
694	2084	1
397	1714	1
717	2009	1
672	1562	1
381	1888	1
327	261	1
18	1006	1
98	2104	1
42	679	1
517	1094	1
578	363	1
418	745	1
494	1150	1
706	728	1
17	1875	1
637	1449	1
609	1230	1
437	2103	1
460	1405	1
392	1293	1
773	1986	1
518	1654	1
244	1853	1
256	2016	1
148	2000	1
774	886	1
168	620	1
753	1564	1
645	1476	1
513	1011	1
334	649	1
807	1758	1
222	1102	1
405	1204	1
327	1517	1
672	649	1
489	86	1
397	470	1
623	1049	1
124	1683	1
494	1615	1
301	60	1
789	675	1
701	1883	1
98	1631	1
222	1286	1
441	858	1
14	1251	1
418	1526	1
494	931	1
348	261	1
397	1883	1
54	985	1
138	840	1
793	1707	1
751	468	1
651	669	1
12	944	1
351	124	1
271	1205	1
753	78	1
487	1294	1
312	304	1
115	1312	1
17	1462	1
140	673	1
494	136	1
108	94	1
807	10	1
812	771	1
87	1781	1
801	1445	1
234	1172	1
544	1809	1
595	1655	1
773	1269	1
81	67	1
694	1700	1
213	1784	1
351	189	1
494	462	1
309	748	1
299	787	1
55	42	1
121	733	1
694	1516	1
414	1737	1
334	393	1
342	39	1
441	1146	1
540	660	1
765	127	1
747	518	1
578	713	1
87	30	1
72	60	1
191	1620	1
722	364	1
672	920	1
746	1717	1
578	209	1
124	1078	1
72	1720	1
444	708	1
192	321	1
672	50	1
154	34	1
20	615	1
222	1995	1
362	986	1
712	390	1
583	2110	1
573	858	1
446	1959	1
325	1046	1
666	603	1
353	1895	1
216	63	1
313	1918	1
673	1892	1
280	423	1
789	496	1
168	1850	1
726	1207	1
144	596	1
353	1485	1
414	1446	1
489	2002	1
494	841	1
140	635	1
520	1433	1
114	415	1
155	1449	1
694	2070	1
430	1141	1
806	900	1
271	868	1
271	1128	1
712	23	1
222	462	1
636	1210	1
652	658	1
222	1479	1
773	2000	1
336	1699	1
773	1466	1
476	511	1
451	1608	1
8	1792	1
491	915	1
81	1327	1
783	976	1
158	659	1
628	2083	1
144	454	1
694	1771	1
323	1814	1
773	826	1
578	1476	1
532	1794	1
208	931	1
140	266	1
158	901	1
222	585	1
595	1801	1
256	1271	1
694	1083	1
170	54	1
449	701	1
271	971	1
379	1468	1
220	189	1
444	445	1
71	1924	1
665	1727	1
701	705	1
312	1655	1
17	311	1
449	647	1
801	1481	1
104	736	1
55	851	1
222	2049	1
215	1920	1
773	1356	1
758	277	1
256	505	1
220	1418	1
551	1332	1
590	1096	1
658	631	1
106	49	1
469	1265	1
801	1619	1
491	813	1
309	1113	1
17	390	1
187	1625	1
503	592	1
712	1537	1
104	1356	1
241	1598	1
494	1376	1
1	496	1
405	34	1
814	867	1
583	1883	1
717	811	1
382	916	1
630	380	1
305	100	1
84	1562	1
465	383	1
476	241	1
220	1557	1
700	1184	1
12	1567	1
717	1010	1
152	1708	1
280	1069	1
266	1533	1
361	461	1
208	1863	1
726	726	1
576	507	1
717	1117	1
530	1731	1
466	1336	1
628	801	1
764	1204	1
327	582	1
98	1446	1
747	1439	1
773	144	1
666	0	1
121	2006	1
135	1211	1
14	155	1
711	1142	1
69	1205	1
491	1018	1
650	178	1
104	654	1
19	1501	1
736	1204	1
550	1367	1
140	723	1
121	1716	1
88	1215	1
353	2084	1
574	963	1
692	1231	1
178	758	1
701	913	1
166	330	1
220	1240	1
344	1612	1
179	85	1
815	807	1
617	993	1
210	1129	1
412	1620	1
773	1447	1
356	496	1
96	1899	1
98	1415	1
69	507	1
489	658	1
726	791	1
755	607	1
271	1448	1
672	764	1
658	1792	1
630	1764	1
271	311	1
601	420	1
765	801	1
226	1265	1
591	1871	1
266	1124	1
595	197	1
706	1564	1
491	1736	1
309	464	1
45	1851	1
645	1803	1
45	1056	1
96	1997	1
256	1438	1
446	1330	1
465	224	1
726	522	1
765	393	1
747	637	1
328	257	1
271	649	1
45	1875	1
456	776	1
451	49	1
222	184	1
676	844	1
271	143	1
263	91	1
799	660	1
694	1588	1
494	1401	1
578	427	1
781	844	1
758	72	1
98	1725	1
393	1336	1
596	1731	1
209	2007	1
149	678	1
392	352	1
595	98	1
574	197	1
532	898	1
266	9	1
574	704	1
445	856	1
312	1411	1
147	670	1
144	1812	1
393	1444	1
441	1759	1
126	1853	1
765	595	1
1	878	1
630	210	1
143	1264	1
550	1660	1
104	515	1
108	1554	1
578	58	1
250	878	1
430	1587	1
747	1108	1
403	658	1
151	175	1
55	538	1
342	686	1
140	256	1
416	849	1
787	54	1
124	1449	1
553	923	1
366	647	1
353	513	1
224	1559	1
774	670	1
82	1574	1
733	1571	1
709	729	1
167	856	1
491	1205	1
812	706	1
550	1250	1
494	1976	1
578	2027	1
508	1863	1
596	454	1
71	86	1
180	669	1
230	1329	1
140	558	1
222	2033	1
323	1629	1
773	1522	1
168	856	1
572	2034	1
550	549	1
443	1274	1
658	1360	1
104	913	1
747	1362	1
353	698	1
356	819	1
476	1642	1
82	1078	1
592	1333	1
82	2026	1
625	1100	1
700	1600	1
789	767	1
774	338	1
756	496	1
765	1290	1
590	1536	1
696	1006	1
140	564	1
802	1148	1
446	1215	1
334	984	1
769	496	1
573	1046	1
543	1360	1
71	222	1
789	784	1
132	937	1
672	521	1
736	1541	1
210	1572	1
781	210	1
168	598	1
271	372	1
469	597	1
263	1783	1
140	1549	1
607	978	1
323	1465	1
617	1741	1
706	140	1
17	304	1
342	521	1
486	1512	1
217	931	1
271	237	1
781	1096	1
753	1613	1
40	1610	1
476	160	1
446	1707	1
672	595	1
798	222	1
630	887	1
465	468	1
323	218	1
787	1785	1
170	1273	1
210	2005	1
25	1147	1
216	1021	1
503	1869	1
98	1056	1
256	848	1
503	1348	1
549	799	1
791	86	1
595	1457	1
249	1598	1
494	198	1
222	2032	1
446	189	1
774	2026	1
187	1360	1
194	758	1
194	283	1
309	283	1
174	870	1
622	2047	1
54	978	1
497	283	1
710	2047	1
375	1792	1
438	758	1
609	1360	1
446	2047	1
77	2047	1
77	758	1
327	978	1
154	978	1
54	261	1
659	1792	1
394	283	1
333	186	1
736	978	1
37	496	1
318	2047	1
736	496	1
790	1959	1
446	1871	1
446	669	1
446	592	1
288	669	1
288	592	1
203	1453	1
154	261	1
140	20	1
117	1453	1
233	1959	1
492	283	1
736	261	1
168	2047	1
168	758	1
144	758	1
14	13	1
119	1792	1
769	978	1
222	54	1
595	496	1
389	2046	1
737	1871	1
603	2047	1
494	1286	1
619	283	1
636	1621	1
247	1621	1
680	1517	1
672	1517	1
347	1871	1
222	60	1
54	34	1
794	1792	1
279	1871	1
178	2047	1
717	643	1
765	1517	1
595	2046	1
504	283	1
721	1792	1
812	318	1
672	20	1
574	1360	1
578	370	1
494	306	1
222	873	1
694	1895	1
189	420	1
788	2101	1
494	331	1
494	1900	1
222	944	1
595	261	1
168	1871	1
168	669	1
210	1061	1
793	1312	1
215	1871	1
494	1045	1
494	1020	1
597	1517	1
597	20	1
601	1333	1
773	1633	1
465	735	1
812	72	1
217	2046	1
691	1598	1
494	1988	1
463	956	1
179	2009	1
179	1032	1
179	1742	1
769	261	1
115	100	1
115	1189	1
628	1517	1
706	105	1
222	136	1
694	1314	1
796	870	1
111	669	1
210	1485	1
249	874	1
179	1117	1
405	261	1
280	767	1
494	1622	1
494	837	1
672	1139	1
327	34	1
812	1428	1
494	1271	1
494	140	1
494	1102	1
446	912	1
446	1267	1
446	1444	1
446	1348	1
72	54	1
747	1625	1
494	1700	1
694	57	1
336	395	1
735	34	1
197	1809	1
68	364	1
765	1139	1
323	1485	1
323	54	1
325	1204	1
645	182	1
773	726	1
773	64	1
501	1517	1
672	1875	1
773	1542	1
672	1646	1
672	1056	1
694	1567	1
219	588	1
72	538	1
762	1580	1
666	85	1
753	923	1
579	283	1
353	1061	1
494	1494	1
494	1293	1
92	1963	1
121	20	1
266	468	1
280	831	1
331	2097	1
331	273	1
73	47	1
765	1646	1
323	2084	1
765	981	1
765	582	1
494	1420	1
210	2084	1
807	1204	1
737	1759	1
737	1968	1
645	1484	1
578	1122	1
140	976	1
279	1759	1
279	900	1
672	1851	1
628	20	1
672	1737	1
672	2105	1
672	275	1
72	1357	1
222	973	1
694	461	1
208	63	1
325	105	1
325	78	1
325	2103	1
550	105	1
812	1793	1
55	2005	1
55	1060	1
753	391	1
546	142	1
494	1866	1
271	881	1
784	745	1
494	523	1
54	991	1
407	978	1
304	1189	1
304	1312	1
285	1393	1
344	956	1
252	870	1
765	390	1
765	1147	1
8	1817	1
781	60	1
781	1895	1
789	2069	1
578	2000	1
452	978	1
177	496	1
104	1122	1
620	978	1
220	1986	1
494	973	1
814	1124	1
814	1000	1
494	513	1
140	663	1
140	1777	1
574	459	1
153	1809	1
327	878	1
796	1395	1
222	1805	1
747	616	1
694	1422	1
694	1293	1
55	825	1
55	347	1
55	438	1
574	674	1
222	1754	1
783	1794	1
179	937	1
271	2083	1
271	1147	1
694	1976	1
72	1743	1
271	1725	1
271	1737	1
271	1462	1
271	715	1
271	390	1
798	253	1
280	1250	1
494	352	1
446	1413	1
679	283	1
712	1982	1
712	564	1
124	370	1
676	20	1
407	496	1
170	625	1
170	1567	1
170	1700	1
223	1312	1
297	1869	1
174	1451	1
623	819	1
323	1357	1
604	415	1
696	662	1
696	1924	1
256	461	1
415	870	1
197	669	1
210	1743	1
362	978	1
563	978	1
480	1918	1
511	1792	1
147	1986	1
781	538	1
781	1020	1
121	1853	1
447	567	1
745	1869	1
37	878	1
167	591	1
672	1147	1
659	264	1
659	1587	1
174	1280	1
656	496	1
432	735	1
85	74	1
630	1853	1
814	1755	1
168	631	1
672	197	1
617	751	1
617	852	1
494	1754	1
773	1191	1
140	1867	1
550	1988	1
33	828	1
802	1028	1
72	1314	1
97	1987	1
104	1671	1
140	1698	1
578	760	1
694	524	1
158	2061	1
158	820	1
222	42	1
222	140	1
51	1418	1
658	856	1
432	978	1
476	321	1
335	1782	1
494	1175	1
550	755	1
222	1988	1
597	1929	1
491	751	1
293	356	1
18	679	1
124	641	1
712	1411	1
712	934	1
650	1853	1
362	1517	1
362	20	1
432	1709	1
432	1000	1
432	751	1
432	852	1
712	801	1
712	197	1
747	389	1
402	1598	1
446	1639	1
636	1122	1
323	306	1
791	1924	1
765	715	1
210	461	1
87	1793	1
769	1576	1
696	708	1
765	2068	1
765	809	1
597	1702	1
312	1982	1
312	906	1
366	1065	1
312	1646	1
312	1397	1
787	1900	1
235	496	1
235	978	1
487	1817	1
759	496	1
323	292	1
309	545	1
256	306	1
707	1935	1
817	496	1
365	213	1
224	1708	1
518	1863	1
625	956	1
625	874	1
30	978	1
263	954	1
510	1594	1
647	1342	1
476	1061	1
147	8	1
645	936	1
626	2047	1
179	603	1
577	283	1
309	1122	1
578	2019	1
705	1620	1
332	496	1
332	978	1
728	496	1
263	496	1
140	459	1
446	1481	1
812	1050	1
1	34	1
375	1342	1
29	866	1
574	1258	1
256	705	1
256	726	1
347	1413	1
546	1959	1
342	1737	1
342	1462	1
459	1094	1
208	614	1
208	763	1
208	350	1
208	107	1
208	401	1
208	827	1
85	1349	1
121	1384	1
121	1469	1
672	1797	1
630	1096	1
104	1388	1
104	1594	1
414	1851	1
414	1147	1
414	1274	1
414	23	1
617	1773	1
617	1022	1
446	453	1
628	906	1
280	939	1
280	1773	1
280	1741	1
694	1933	1
658	1171	1
494	1729	1
550	2018	1
550	1624	1
550	720	1
550	1503	1
701	1310	1
774	189	1
774	1240	1
773	1449	1
326	281	1
334	1139	1
334	1147	1
694	664	1
694	1273	1
8	1360	1
222	1866	1
597	1568	1
801	2047	1
526	1931	1
765	1018	1
571	492	1
653	1620	1
526	1094	1
574	63	1
574	931	1
90	870	1
158	14	1
158	1615	1
773	1955	1
287	1072	1
494	1656	1
518	596	1
550	1271	1
591	1620	1
509	891	1
518	607	1
441	1893	1
397	1704	1
494	1380	1
550	117	1
60	1594	1
680	1147	1
153	1712	1
153	671	1
153	411	1
271	1151	1
271	2104	1
491	764	1
658	1327	1
801	1267	1
676	1895	1
676	1314	1
676	1020	1
680	1646	1
680	332	1
680	390	1
680	1031	1
680	934	1
476	519	1
519	1342	1
519	1350	1
441	1968	1
597	1314	1
597	1020	1
8	1108	1
491	489	1
491	1550	1
706	391	1
271	1665	1
115	425	1
712	1462	1
712	1655	1
104	1001	1
553	372	1
140	4	1
353	1720	1
712	955	1
712	2013	1
425	923	1
425	140	1
425	78	1
774	1432	1
72	1045	1
256	1401	1
170	992	1
210	1700	1
93	1350	1
81	86	1
812	1121	1
765	1562	1
113	2046	1
726	1240	1
497	492	1
309	1574	1
453	1149	1
312	442	1
312	981	1
818	658	1
312	1147	1
787	1314	1
33	958	1
33	1333	1
487	842	1
636	654	1
584	658	1
470	349	1
765	1457	1
365	273	1
801	514	1
294	898	1
636	2041	1
89	1878	1
715	1393	1
749	1350	1
476	57	1
801	338	1
210	1456	1
266	1205	1
245	774	1
271	2109	1
271	571	1
305	1707	1
762	765	1
607	496	1
701	1671	1
701	1122	1
578	1092	1
578	1283	1
258	1608	1
104	144	1
717	2020	1
121	2002	1
658	338	1
124	1817	1
659	590	1
121	1764	1
347	1481	1
609	896	1
773	1177	1
452	261	1
789	1043	1
789	985	1
789	1509	1
801	620	1
801	498	1
446	1072	1
98	332	1
98	275	1
98	416	1
177	261	1
104	1542	1
620	2058	1
650	1141	1
672	1197	1
278	253	1
342	1655	1
342	275	1
342	1031	1
342	582	1
672	1288	1
206	1713	1
136	2054	1
630	2002	1
8	181	1
210	14	1
758	1395	1
550	566	1
624	34	1
628	1725	1
651	1871	1
651	592	1
616	658	1
578	6	1
72	1779	1
72	136	1
144	1625	1
666	2045	1
574	1423	1
812	1927	1
578	1804	1
804	1001	1
222	835	1
628	2105	1
628	934	1
466	46	1
222	1517	1
280	682	1
814	541	1
334	1411	1
334	1851	1
334	442	1
334	50	1
334	390	1
334	934	1
334	416	1
334	739	1
334	116	1
694	1806	1
59	338	1
572	1935	1
440	109	1
578	1468	1
773	734	1
121	1738	1
224	1867	1
726	1482	1
494	2008	1
397	488	1
121	510	1
140	393	1
54	784	1
54	537	1
271	393	1
712	1205	1
574	756	1
574	1420	1
494	211	1
263	1118	1
763	493	1
489	662	1
489	1924	1
489	1353	1
622	1625	1
271	81	1
694	1493	1
494	1016	1
807	1025	1
807	985	1
807	145	1
41	20	1
55	443	1
680	416	1
140	1462	1
489	210	1
765	670	1
222	992	1
354	591	1
428	1618	1
305	1360	1
184	870	1
774	386	1
153	2063	1
153	1432	1
296	1251	1
441	391	1
280	919	1
542	1094	1
694	1946	1
51	321	1
60	1620	1
491	1858	1
283	344	1
646	1853	1
140	1128	1
140	1448	1
382	1216	1
676	2084	1
410	735	1
694	1380	1
140	1031	1
140	981	1
432	867	1
432	1689	1
353	873	1
726	1781	1
353	1642	1
353	1314	1
597	1779	1
597	805	1
597	136	1
687	1501	1
491	1524	1
578	1108	1
578	1391	1
375	2047	1
765	128	1
574	1625	1
494	1771	1
310	614	1
310	1712	1
216	768	1
216	1376	1
596	1342	1
64	1164	1
712	1056	1
712	50	1
476	1678	1
210	352	1
104	670	1
595	1204	1
802	75	1
263	991	1
174	722	1
491	255	1
491	1373	1
309	783	1
540	1096	1
170	403	1
323	1494	1
107	2046	1
753	1061	1
636	1684	1
578	1155	1
578	759	1
121	497	1
312	809	1
312	955	1
312	984	1
396	768	1
441	1929	1
574	152	1
192	1418	1
491	980	1
135	1116	1
443	1559	1
356	8	1
356	726	1
747	1015	1
672	2046	1
256	132	1
818	1096	1
60	479	1
104	522	1
765	1537	1
525	337	1
568	1321	1
312	1389	1
312	630	1
497	253	1
497	1924	1
593	49	1
256	1293	1
454	468	1
207	261	1
108	245	1
469	1092	1
765	1066	1
224	1458	1
224	1536	1
288	1481	1
69	349	1
689	1575	1
689	1378	1
83	49	1
788	1605	1
104	908	1
309	30	1
309	1883	1
699	1620	1
383	870	1
12	1895	1
12	538	1
335	1671	1
244	1096	1
563	261	1
578	1739	1
578	576	1
578	472	1
721	1817	1
783	444	1
82	1671	1
476	136	1
437	420	1
210	1977	1
210	314	1
82	30	1
450	261	1
104	545	1
815	1671	1
176	2023	1
180	1792	1
210	1345	1
210	2097	1
210	273	1
578	1844	1
225	261	1
570	1100	1
570	1598	1
124	1122	1
578	746	1
781	292	1
715	1608	1
167	1092	1
124	1325	1
773	464	1
121	167	1
788	1287	1
726	1522	1
726	115	1
726	1788	1
773	729	1
645	782	1
597	221	1
121	380	1
121	1315	1
574	1692	1
140	703	1
648	1579	1
648	765	1
789	579	1
645	16	1
256	189	1
809	1096	1
645	1978	1
494	1688	1
342	955	1
342	304	1
342	1106	1
625	93	1
757	1063	1
757	1058	1
34	735	1
342	595	1
208	658	1
121	2081	1
121	241	1
178	1869	1
178	956	1
672	609	1
672	1290	1
672	1004	1
135	2058	1
456	1645	1
574	1047	1
802	72	1
279	5	1
98	81	1
98	98	1
98	1537	1
98	1151	1
494	716	1
140	2088	1
140	1772	1
574	1448	1
466	1347	1
414	649	1
726	294	1
441	702	1
397	1082	1
717	996	1
666	424	1
645	736	1
747	181	1
672	1537	1
208	1423	1
10	20	1
446	1167	1
641	923	1
130	679	1
130	1920	1
418	608	1
121	1277	1
210	2030	1
140	1625	1
208	1893	1
510	1947	1
550	666	1
357	1517	1
101	8	1
101	705	1
101	505	1
773	799	1
495	1620	1
765	1544	1
589	942	1
753	1046	1
753	1988	1
632	679	1
763	2069	1
46	290	1
658	1330	1
617	489	1
617	1170	1
271	412	1
271	1004	1
271	1214	1
271	164	1
271	847	1
397	189	1
280	838	1
280	1441	1
497	1594	1
497	726	1
726	234	1
121	469	1
210	1501	1
280	2081	1
280	241	1
280	1181	1
45	311	1
45	906	1
794	1883	1
347	1496	1
550	495	1
491	158	1
222	1695	1
84	221	1
41	1517	1
816	1001	1
574	253	1
574	86	1
446	1902	1
550	1038	1
199	1853	1
476	1328	1
653	1920	1
277	1920	1
55	1485	1
55	54	1
55	60	1
55	944	1
55	1357	1
633	767	1
140	1581	1
595	442	1
595	582	1
595	311	1
595	1274	1
747	1876	1
175	643	1
574	206	1
84	860	1
140	143	1
54	1675	1
271	1736	1
271	127	1
81	1047	1
680	801	1
491	1702	1
19	1800	1
19	286	1
758	369	1
441	140	1
476	1551	1
747	1209	1
680	955	1
210	573	1
210	1800	1
446	1631	1
446	976	1
609	454	1
8	18	1
418	176	1
418	1458	1
489	1716	1
489	1096	1
773	338	1
773	68	1
393	165	1
208	792	1
765	609	1
765	1112	1
765	989	1
476	1734	1
476	1014	1
106	2061	1
327	1982	1
327	564	1
327	311	1
382	70	1
568	1092	1
747	2062	1
81	1267	1
726	736	1
694	1877	1
140	903	1
321	261	1
794	1490	1
794	1955	1
140	275	1
280	1540	1
271	717	1
271	2005	1
256	1651	1
613	1501	1
60	1920	1
774	464	1
712	393	1
491	511	1
491	610	1
159	510	1
159	1775	1
494	367	1
140	1792	1
418	26	1
418	720	1
418	1002	1
418	336	1
526	507	1
170	2084	1
765	2074	1
580	679	1
658	1958	1
126	1096	1
126	210	1
758	75	1
765	231	1
382	305	1
382	2014	1
808	1411	1
808	1139	1
747	1959	1
676	1465	1
491	1443	1
216	264	1
216	1396	1
775	870	1
3	331	1
794	1937	1
658	557	1
443	596	1
494	524	1
256	846	1
547	658	1
547	660	1
292	261	1
162	1517	1
112	2054	1
789	261	1
181	1077	1
574	798	1
613	2005	1
597	292	1
144	1108	1
17	442	1
17	1982	1
17	582	1
17	955	1
17	1147	1
17	801	1
363	1316	1
363	526	1
446	1109	1
87	2041	1
138	2101	1
432	1443	1
512	735	1
224	1998	1
709	774	1
323	943	1
323	524	1
309	1276	1
765	2090	1
765	847	1
765	1795	1
765	39	1
765	834	1
457	1535	1
694	952	1
273	105	1
543	1350	1
531	679	1
526	2103	1
323	805	1
590	615	1
590	1458	1
54	1818	1
256	1929	1
256	54	1
119	249	1
81	445	1
81	1108	1
418	1046	1
418	1988	1
418	858	1
312	739	1
312	711	1
146	1360	1
446	1816	1
374	1396	1
374	1587	1
374	1141	1
497	898	1
574	1981	1
574	41	1
574	1200	1
574	626	1
794	1001	1
650	167	1
328	261	1
814	878	1
396	931	1
712	1457	1
491	324	1
282	1517	1
280	963	1
518	2046	1
700	175	1
8	596	1
310	2063	1
496	264	1
496	1396	1
310	401	1
310	827	1
663	684	1
312	1457	1
508	1878	1
169	5	1
382	418	1
583	144	1
583	30	1
397	670	1
801	1136	1
12	42	1
12	1494	1
12	1805	1
12	326	1
12	1815	1
12	1364	1
309	1639	1
441	2084	1
441	1895	1
222	433	1
240	1886	1
19	698	1
323	461	1
366	621	1
215	679	1
591	1920	1
584	2002	1
584	257	1
756	703	1
469	105	1
497	708	1
578	234	1
256	523	1
544	1759	1
544	1311	1
170	1771	1
159	551	1
140	1008	1
3	1420	1
737	1481	1
491	507	1
387	2111	1
456	224	1
287	1792	1
636	734	1
356	1574	1
140	1535	1
421	1096	1
249	666	1
659	1291	1
659	1707	1
12	2084	1
569	1792	1
379	1265	1
769	1094	1
312	1158	1
441	1423	1
486	290	1
205	126	1
40	958	1
54	146	1
266	1943	1
309	654	1
578	1081	1
783	156	1
765	196	1
289	1189	1
104	1609	1
147	1410	1
147	1808	1
96	1606	1
476	306	1
476	585	1
562	261	1
783	261	1
103	261	1
781	1048	1
260	669	1
260	592	1
770	1871	1
271	923	1
271	1271	1
147	1782	1
761	483	1
177	181	1
177	698	1
815	1113	1
578	1340	1
607	261	1
256	658	1
433	1882	1
124	2078	1
507	679	1
345	261	1
724	1620	1
263	261	1
645	1424	1
124	536	1
709	1449	1
100	330	1
100	680	1
812	812	1
812	1260	1
220	1542	1
816	1113	1
816	670	1
578	534	1
574	1057	1
645	1922	1
701	301	1
510	1671	1
104	1108	1
73	1662	1
73	1606	1
574	1350	1
709	144	1
142	710	1
812	193	1
574	1011	1
574	38	1
468	49	1
519	1610	1
685	276	1
121	1836	1
446	1092	1
717	1431	1
789	337	1
162	674	1
773	857	1
280	1063	1
222	15	1
574	1661	1
809	167	1
492	93	1
550	296	1
167	1817	1
342	1214	1
342	803	1
342	237	1
446	1847	1
672	834	1
144	246	1
773	101	1
140	310	1
140	690	1
9	1449	1
206	1986	1
494	1456	1
747	1339	1
135	1329	1
670	366	1
98	1066	1
658	93	1
167	1508	1
550	211	1
801	856	1
672	353	1
783	1540	1
789	832	1
685	1752	1
382	1222	1
672	158	1
672	133	1
136	475	1
328	2002	1
239	551	1
561	1360	1
813	1205	1
115	1971	1
62	1001	1
719	691	1
719	1988	1
217	1625	1
706	1278	1
706	191	1
473	1240	1
672	164	1
597	1181	1
414	39	1
140	1313	1
624	878	1
381	1724	1
381	297	1
726	1490	1
609	1625	1
98	521	1
98	1004	1
98	803	1
98	1795	1
411	1620	1
222	1016	1
262	1096	1
574	554	1
807	91	1
807	1842	1
774	151	1
375	220	1
310	1793	1
217	881	1
726	1502	1
494	881	1
628	686	1
628	231	1
628	143	1
271	1107	1
256	587	1
487	591	1
45	50	1
45	390	1
224	858	1
8	1467	1
670	849	1
414	762	1
414	668	1
280	473	1
669	312	1
669	1894	1
669	501	1
45	197	1
45	1446	1
774	1019	1
648	1625	1
773	1408	1
773	1464	1
287	912	1
287	1444	1
287	1215	1
287	963	1
287	1327	1
708	1920	1
683	1298	1
616	257	1
140	1843	1
628	715	1
201	525	1
807	2098	1
546	2075	1
309	101	1
441	1241	1
441	1731	1
476	714	1
121	1442	1
158	1529	1
672	116	1
550	864	1
550	414	1
697	1663	1
806	1759	1
617	1026	1
617	907	1
617	1500	1
648	1581	1
59	93	1
742	127	1
323	1992	1
617	1524	1
617	324	1
617	398	1
446	1549	1
301	54	1
301	1357	1
672	891	1
578	3	1
550	525	1
774	1082	1
758	248	1
55	461	1
222	1821	1
574	885	1
773	1596	1
172	1184	1
694	532	1
780	2097	1
780	24	1
494	728	1
280	612	1
518	2054	1
672	655	1
672	762	1
672	757	1
773	1595	1
447	1122	1
152	176	1
814	2058	1
446	948	1
140	2075	1
271	677	1
271	1103	1
271	794	1
574	1863	1
329	1923	1
769	2069	1
274	679	1
397	363	1
397	1078	1
397	144	1
397	719	1
397	64	1
327	1892	1
121	2079	1
140	1914	1
628	197	1
518	2073	1
518	1850	1
678	337	1
474	60	1
199	660	1
199	1096	1
765	2080	1
617	1755	1
222	1994	1
222	259	1
222	553	1
140	786	1
382	465	1
595	881	1
595	955	1
595	1415	1
668	253	1
668	222	1
3	15	1
613	1060	1
680	1009	1
680	1733	1
680	1544	1
226	2058	1
222	1397	1
646	1906	1
140	1891	1
382	849	1
423	1050	1
423	683	1
256	217	1
76	1079	1
168	1619	1
208	981	1
208	1875	1
208	582	1
208	304	1
208	197	1
491	1303	1
491	1733	1
491	133	1
491	633	1
491	1355	1
491	1067	1
773	713	1
152	1271	1
726	58	1
726	759	1
595	1527	1
271	141	1
776	2024	1
574	1846	1
8	190	1
418	1974	1
750	829	1
614	36	1
614	575	1
443	1875	1
443	98	1
220	100	1
220	1189	1
140	920	1
444	1353	1
347	790	1
502	1708	1
524	1892	1
220	1517	1
814	77	1
594	303	1
743	942	1
751	1092	1
353	444	1
546	1517	1
773	115	1
287	1171	1
765	1670	1
476	1162	1
476	1127	1
328	1517	1
646	660	1
121	1568	1
325	691	1
325	1988	1
518	674	1
518	63	1
574	156	1
574	1341	1
470	954	1
659	66	1
658	540	1
558	370	1
726	68	1
54	650	1
201	1285	1
393	2003	1
439	1122	1
808	2068	1
808	739	1
808	98	1
808	1066	1
808	2104	1
808	23	1
672	819	1
578	1991	1
680	1801	1
774	726	1
532	1735	1
532	1377	1
812	938	1
553	140	1
553	78	1
446	1240	1
807	1889	1
619	1920	1
170	1045	1
356	1517	1
210	140	1
210	2103	1
54	10	1
54	1070	1
54	547	1
87	1113	1
672	1959	1
578	102	1
271	1446	1
271	1176	1
256	1699	1
256	420	1
574	848	1
779	914	1
81	1128	1
597	1642	1
597	218	1
522	1587	1
522	1141	1
535	1213	1
765	806	1
765	1856	1
497	856	1
441	471	1
810	72	1
801	1062	1
518	454	1
256	1688	1
256	770	1
751	569	1
613	1220	1
659	1239	1
132	672	1
814	36	1
123	1784	1
747	1313	1
747	2029	1
747	482	1
574	2056	1
3	585	1
794	2026	1
353	459	1
147	752	1
147	1519	1
807	579	1
659	1496	1
17	1411	1
17	1725	1
17	332	1
17	1655	1
17	416	1
17	809	1
323	844	1
397	56	1
590	372	1
126	122	1
794	8	1
88	1295	1
680	1959	1
509	1092	1
170	1516	1
476	1322	1
508	1610	1
657	126	1
222	1456	1
222	314	1
335	614	1
335	1712	1
335	350	1
273	140	1
547	2002	1
256	105	1
256	140	1
639	919	1
686	1708	1
765	1793	1
497	1609	1
251	1853	1
211	2046	1
726	29	1
300	32	1
300	122	1
140	304	1
140	455	1
680	1819	1
680	1214	1
774	977	1
208	355	1
527	1641	1
520	2054	1
335	1240	1
574	20	1
353	973	1
503	1128	1
503	389	1
787	1293	1
787	1187	1
787	1771	1
413	1868	1
476	1181	1
217	216	1
348	359	1
339	1265	1
335	856	1
482	1169	1
622	460	1
170	1196	1
294	224	1
372	1679	1
382	166	1
271	1719	1
783	1499	1
586	1265	1
586	2058	1
586	84	1
491	1471	1
309	1861	1
596	445	1
813	512	1
676	1139	1
466	385	1
66	1840	1
522	1777	1
310	1	1
636	1240	1
428	1822	1
428	487	1
494	1027	1
494	236	1
439	820	1
266	1950	1
632	1271	1
632	140	1
632	78	1
755	748	1
224	140	1
507	819	1
631	1433	1
220	321	1
204	246	1
271	510	1
278	1906	1
278	1716	1
143	520	1
143	1371	1
512	77	1
294	995	1
12	523	1
335	1502	1
54	1681	1
574	1488	1
353	1602	1
503	1100	1
208	2071	1
716	364	1
756	1164	1
323	1754	1
725	1514	1
108	1694	1
168	962	1
573	2103	1
121	258	1
814	1147	1
814	1274	1
140	124	1
518	882	1
753	2084	1
753	1895	1
585	1631	1
81	2062	1
60	1716	1
60	660	1
742	1964	1
441	1642	1
26	2015	1
210	1608	1
87	763	1
87	1712	1
87	350	1
87	411	1
595	1248	1
86	1608	1
256	1485	1
539	1587	1
539	1141	1
66	645	1
434	395	1
434	420	1
553	1823	1
553	1727	1
323	664	1
12	1273	1
106	1608	1
549	1276	1
549	1993	1
525	386	1
496	1686	1
705	1379	1
753	2044	1
143	181	1
143	156	1
143	1780	1
619	726	1
729	1315	1
815	917	1
266	1741	1
266	852	1
266	2108	1
266	1022	1
72	1401	1
353	923	1
465	584	1
465	1387	1
465	1203	1
309	600	1
309	618	1
56	245	1
56	808	1
56	1425	1
56	1390	1
56	450	1
335	234	1
814	1655	1
814	390	1
723	1030	1
723	1888	1
723	297	1
574	1433	1
574	201	1
192	1762	1
33	1271	1
33	140	1
765	655	1
210	1622	1
54	413	1
54	1756	1
87	229	1
611	658	1
116	75	1
108	1270	1
72	1877	1
585	1491	1
597	1182	1
597	1279	1
597	1744	1
590	1716	1
815	1793	1
327	384	1
327	1199	1
421	660	1
279	1171	1
491	343	1
811	246	1
237	552	1
237	1030	1
237	1888	1
237	1585	1
467	1635	1
12	57	1
508	1539	1
446	911	1
108	1371	1
578	1597	1
271	184	1
147	949	1
296	224	1
296	349	1
273	755	1
379	597	1
687	497	1
688	338	1
553	1006	1
538	1738	1
87	1192	1
155	849	1
783	389	1
783	1448	1
45	1650	1
652	1096	1
170	62	1
666	426	1
590	257	1
224	1153	1
224	1627	1
592	958	1
592	420	1
684	679	1
699	679	1
699	1006	1
105	1006	1
54	1837	1
393	1413	1
287	563	1
240	937	1
392	1933	1
392	326	1
392	1814	1
392	664	1
392	403	1
244	1764	1
525	1793	1
787	805	1
172	360	1
600	1973	1
54	313	1
751	161	1
21	1357	1
147	1276	1
588	705	1
588	726	1
583	1793	1
14	77	1
685	774	1
446	1372	1
591	708	1
591	86	1
96	1662	1
96	47	1
161	210	1
21	1929	1
179	1281	1
464	401	1
464	48	1
439	2000	1
205	849	1
200	1329	1
781	1572	1
781	1129	1
781	314	1
476	1364	1
799	1096	1
638	1265	1
638	597	1
638	1329	1
638	84	1
666	1898	1
248	1096	1
747	1454	1
747	777	1
320	1321	1
761	16	1
340	415	1
545	1194	1
545	542	1
761	1487	1
147	857	1
147	1429	1
590	660	1
578	305	1
147	734	1
439	591	1
129	1920	1
601	1825	1
781	1716	1
104	1525	1
104	882	1
781	1263	1
812	1835	1
191	1920	1
435	1620	1
578	1884	1
37	1892	1
701	2026	1
578	99	1
104	1246	1
124	260	1
578	967	1
701	1406	1
773	1406	1
701	1240	1
812	1190	1
95	2026	1
142	431	1
124	3	1
561	1782	1
179	1667	1
789	1297	1
789	439	1
136	970	1
124	796	1
207	1853	1
207	1096	1
